5.881025630778361
5.586335411821818
5.872665805476926
4.402957646055402
2.598689125723681
1.0604660959886871
6.721270693058303
6.489511632960456
2.6344777648898443
1.9327188313786552
0.7656564411168132
1.0480874821111708
5.585416721297039
6.328676125908122
9.930343605765726
9.88454471544451
0.44754066058680153
-0.06878859238827695
7.075640790855156
5.885553718039984
9.257538970341203
7.396878672340787
0.023626374132872385
-0.8207274988523827
2.4598870792899508
1.9712074140160594
7.216372102426041
6.49449568560776
0.48710303587904735
0.6345598234374574
5.101250635496269
5.536533708922893
6.412103251833959
7.081021470013857
3.2642532313726247
2.5678952401091646
3.589767222737569
5.137973863104796
2.9129324641046193
4.32213416464243
1.5570848830077466
1.1995652256577443
7.258255670275194
7.0836488448907975
8.920786714680526
8.722675077178433
4.440399015339781
3.2066124450359794
9.128409158449655
9.023913336632674
0.70155553603236
1.9996699597282053
6.399846210898863
6.897336402838407
0.6629832722938533
-1.5329982981561114
6.65228870316094
6.396968816376286
6.460323230204259
4.95049022148123
4.5975857897647305
5.617515422596272
8.487517205487796
9.590152721943541
6.939783152345766
5.065282823395301
3.200267662885534
2.095014557526326
1.7629220956020963
2.2949936356137046
8.339298486700283
9.086304005797178
8.159466948112122
8.79307353698705
8.07532219095924
7.624991163142444
4.0904199208696825
3.1135331615698023
0.531472470064458
1.6624042022825467
7.424506151656041
9.586031283027738
0.4686057047384573
1.4480055200474071
4.9140773866611465
4.2203164883551025
6.166852200191109
5.894235486143447
0.07914739050558062
0.88872151520737
9.024112797961857
9.093098804694959
2.09793574424612
3.2698498960352844
2.674560830873384
1.7623141372647142
0.5286361378201243
1.2069358083783497
1.5188452214705839
2.7144277823621517
4.2283768472942835
4.5944676835274905
4.067657658376637
5.869899915043334
2.1763397122572705
2.126050814947235
9.148681106933507
9.773699709268438
8.368452962548623
6.831882821388533
3.2542796021477347
1.938233246223446
3.5854472236854718
3.860946251061326
4.797184347531589
3.343576079816448
1.5968449483401281
1.6190519803172683
9.395256213315532
10.565170644287043
8.342842754017033
6.552564481483799
6.906178486108328
6.00974931560524
2.8079831821713777
2.1400436772504983
4.543407802760297
2.7272005898899847
2.1665621637216437
1.8823567585576804
7.121941189437482
8.853256929244104
5.569254375429211
6.770074300625091
1.329741508234118
2.7292798323937304
4.297372929020119
4.391555168813969
3.2104484203810415
3.23292325971454
2.220454752437888
1.7061266016229597
7.332936379710098
8.561388313255991
6.675998515670747
5.806354327492801
2.414179359274714
2.157711687427425
8.8313397186565
9.68809030745939
6.093453456550211
6.967994757556579
2.4779031925761483
2.2741303996651387
2.2410306639945787
0.27844355988209846
7.619056838182615
9.199891830505962
5.744532405870757
5.257164559750433
6.01136793188598
6.789544057653096
2.0676018881055858
1.2882135333273443
7.443858937570055
7.392406148219629
4.5812224422664585
6.0005044812409105
7.732706286650677
8.985421183686528
5.0603319037577315
2.174370494307047
0.7637782395211623
1.1755567852524598
7.10734044217749
6.319872500299418
2.6725703458079817
2.3425766220252267
9.225245151769334
9.176873409674627
1.0272540234980032
-0.27524804709626993
2.0897035341708037
1.2696711686384927
4.406830721253893
3.0665105375877806
0.43924159807410046
1.5349661822654612
2.280840357592251
2.233096725419334
0.46901711781528466
-0.028696178342310086
6.450257745679588
6.544487603812363
3.753239985191393
5.451196847710257
8.34898999845772
8.102366578778806
9.852079416783537
8.93186678303865
0.30882555821374
0.5942506864587749
2.0113199269576434
2.2807886008524485
1.462267491364574
1.3402652076813233
2.1093852976955474
2.8154103153776853
6.805074355026641
6.108945357988033
2.7121352252933595
3.700324615607277
7.730017715595992
10.35259184934156
4.836976889036489
4.2004588786465815
3.9863167609367145
4.611380702621993
1.4371819551304255
0.22069082171290977
3.383736711850406
4.03923807062713
7.273321535968968
8.98594029692907
1.5675523453675777
2.3737030062240025
5.836063355602442
6.25356956115537
1.2112649113023521
0.8498067747287015
5.2896660308834935
5.709163056657074
0.8358990122426091
-0.08695035077966773
0.9336918465947042
3.0838427214736175
5.728595506732109
5.052992631816678
8.729243939895593
9.154623278037832
1.0720019964551553
1.1398241091412131
9.722824406957344
9.062290408025198
9.25382245126365
8.82888523834702
1.3869923903336567
1.6195255407594562
8.242577592349445
8.49666020665857
2.1933796855607324
1.5871931753420139
0.5428526592518623
2.0372652691748967
1.9175773396796536
1.65695139256691
8.319451233081422
7.9042475827738805
0.2110760217665386
-0.23040057545375758
0.448880810969855
-1.6487232255148683
2.9371022583500697
3.5012785973898435
4.4897275766794165
4.015199378571827
4.789028614196931
6.440776977046193
8.999342157439429
10.539151669130742
5.195546744450416
6.266262295792672
5.726265329160768
4.62211892057165
3.972503269799792
5.084779452975619
8.375942359267711
9.900961941387637
8.801074749243268
8.416756134484258
3.057895399031476
1.2497158435560187
5.384048065012736
3.7777685264431415
8.613712707559047
8.269160492961824
6.7633020225413105
5.10388372535457
2.7866165335913076
0.9341080055049351
0.8898395938945691
1.7583441105068436
2.6674896046233068
1.075310271008258
0.3019144324664913
1.4100105421051732
4.6492655153240605
5.301831136067776
4.137995844948636
4.021207077529843
0.8175135863711991
0.9454091269051759
4.939393334230509
4.34903157870125
5.266386823512677
6.492347628638264
1.1976312935516265
0.13925619640198628
0.45895070787202674
0.8992140496292595
7.676202775383278
6.500786326557383
3.24311270686883
3.289075557692363
1.1936826537662815
2.6128942478864525
5.426251597510704
5.80741838083776
2.5919206265155283
1.0271875137698836
1.2743734567785003
1.2616591221497082
4.450295711788035
4.492599931921199
1.3235060184670655
1.6272708717023294
6.352071534222209
7.2266635044855985
2.9425665531799803
2.141683273484039
3.137416161134002
4.019429593622043
0.12767803145582235
-1.069312878502859
5.960599289426715
6.469505689668432
9.374429708722076
7.459399581265406
6.609633578927067
8.014928882585194
8.381853463746904
7.663219932978684
6.850837599362457
8.589741025611938
3.6851233500436043
3.197457582986648
1.8492451752388694
3.2553249568329505
2.5631355112942975
1.878817674546298
9.415556814461809
10.438079813499913
2.8153947922509373
2.399605683111824
0.19187444262755649
-1.0875295689027304
1.1914836025059405
1.5263972321888652
4.2552782575483015
4.011123328480751
9.011740600654466
9.233327181283329
7.779576052772822
8.854955554069347
4.962779014629675
5.709718737297361
7.915136432499086
8.579429194599154
4.867083130342164
5.392821980107265
4.42779296577063
4.650276995108887
9.466414563028382
7.948265238396475
2.1744227352587875
1.0991204609803429
2.803448153080077
2.565728132679696
8.04690555348205
7.232054598947007
1.3055390753409402
2.640878917989026
5.2032635723461995
4.78317128998197
8.294509508994874
8.519905799812756
7.276049212297778
6.857694198749855
6.408133908747295
6.836790598907073
5.008717013666187
3.830687775953128
1.173168257658217
1.0334854363601063
6.579055113015022
7.403603879188006
2.950347644472809
4.072595937176343
2.1273194702346023
2.4811787381095662
2.6916933775673946
3.1223835078170348
5.886136121519061
6.073485240201307
2.6042211480148825
2.092472547232642
7.374347670691829
6.683009015648786
1.6644111788497595
2.0049420013815697
1.9206662051506584
1.1324438379074602
9.78182701233351
9.707377685129202
1.5263576898381004
3.152364120147354
5.277958361382037
5.2711297234971655
9.324329123103306
11.517516190634439
9.176991284277687
9.553831245924789
5.626445855610074
5.72736805191959
4.785749063826383
5.9145789783951495
5.489449819246492
6.0908839795455805
5.191187649450266
7.2703693859609295
3.2845120836818475
3.6375394396684912
4.1170181057097865
2.732769766001275
9.287554271997179
10.197882291664365
1.3787144125910178
-0.13278448504276685
1.6839392069211545
2.114878859532165
3.3062417489584606
2.2391378062764318
9.01794901685635
8.747279050862787
5.911365378257006
4.949922650363826
7.741003590653945
6.4351976083062
5.374535366915268
6.511297734689466
9.816010926284811
10.937068952915133
8.401040347194924
8.108030435253738
2.166725802983466
0.948427697615434
6.349648450390328
6.487390003887292
8.929390310009605
9.62472534922324
8.019233131345201
8.839324657450923
4.408721705825965
3.6921603523629556
9.618292214917204
9.867222679261898
9.000301949313446
7.575565873205958
5.174839814129076
4.74420899436013
6.075097254846019
7.015608228517039
5.067646798202917
5.935096079892175
2.019873379260093
4.118042906729234
4.229373296871156
3.7577902058144326
2.2482901308455503
1.774977222569877
9.239432165057618
9.061330852612956
7.471746718785149
7.790217506344455
6.678489113061101
7.988431149419876
5.358485717099183
4.850356580969432
1.7386660836233914
2.2416784212074385
5.238322254102313
5.726172960115794
4.017442176226757
4.576810987200898
0.05970718733471769
1.0053892076144146
4.943601128520667
5.264738489364415
0.8582780832825831
0.03935928497946817
6.628727846559636
7.357308809702436
4.674799420103211
5.693243026241505
7.074241705414551
9.028462378229603
1.6710539249440282
2.821404044800627
5.641171287944278
5.618487393732399
4.502239267391911
2.865571827735125
4.516617935503193
4.6578640020146675
6.905554353683421
8.017354495125266
4.075202264106828
5.939741993209204
6.324664824293834
6.631876946951731
7.7332832086960215
8.398452602810533
8.84334593612768
9.176580033252355
7.908212465317588
9.205546340714307
3.7986953746383865
3.045736269349247
3.6807478144256853
4.0520518965917836
3.823345368759351
3.5315755545298337
1.5621798632769979
2.36340310666822
6.931014681542811
5.156149944483226
7.734028455577829
7.19698155986158
7.83612427215039
9.285992070156443
3.3811003193475186
3.456527190414718
9.74238710518881
9.984894175173286
2.965102503641334
2.4824070081955005
3.1701237007864833
2.152052615565582
4.897151147404787
3.4615359998256485
5.662917897947973
5.18269477585255
7.021603070303005
6.3593381967755995
5.5697093254880405
5.745278024634018
5.5350169761103665
5.849345899953496
7.800122422935338
11.245053279078995
4.041192159306584
5.030346538961329
1.1123827086476734
2.4633919230919283
6.782572806380893
5.7443668142766295
9.317737034733263
8.338201192707459
5.014283713028906
5.988800245102095
4.375898749145497
3.7593658026788126
6.348285683030256
6.238326789852979
1.5598942212258304
0.5468696487914941
6.983534785800744
5.784180120793421
3.957377318365759
3.388413644257648
9.717871690644294
8.932084260475216
1.5754950136770218
0.2951262042442484
5.9814015085816195
5.725980668719869
2.490920754585918
2.6425271662167997
7.464463649816063
7.843673897021221
6.971603772805781
5.865818023285812
5.186551550876473
2.490546693596716
7.004379214345061
7.13636559516163
4.060886369610355
3.073273963599741
3.8952014965945203
5.53582877650215
4.69884327593591
2.663296233722162
5.282916818760684
4.428807686565234
6.751698731404651
7.091097213609943
5.942983223734595
6.0673690491181675
4.596743864284828
4.768389611055589
3.4325028411549963
2.559445380812592
6.43205440791059
7.300046355528634
6.886143313122658
7.076900276932799
2.4147321446361314
1.9900249219507
7.586888317444851
6.629805925997266
3.9618464492858427
3.142804527120758
8.836869441509359
10.617538376144811
0.021598701919657293
-0.5328614248221755
3.610109948092447
2.070008920631328
8.530478163984318
7.264337360706833
4.544409714712547
4.5794057373326975
0.9297565325043133
0.05435165994172264
3.142951741305293
3.5124127025137977
8.262066648801596
8.553610914440686
8.67002100481201
7.984484929229138
5.934449317062866
5.11668419186799
3.520736126064803
3.094305367066803
6.675412036136667
5.294833051778229
4.1974293894703205
3.2064712932351593
4.653693464295323
4.2493467392420845
0.11515672804644717
-1.9009688576360666
7.051655959686023
6.574393739547807
5.613963131963322
4.844309634651644
7.711630304986285
7.6972617721877565
1.6547948244447475
1.751983746308475
5.711473738416844
6.844738918295633
3.3230202839406364
2.810401017878375
6.676821477037912
6.142447878499246
2.5544245270316224
4.634196825847958
6.248806695842975
5.335538920367897
5.881673034355067
4.349428646689558
6.043215934920085
5.7860020856766265
0.08580167771661595
0.9244597004022529
8.913016939483436
8.157535276827861
3.748399886102136
3.360879826780172
7.817309406137881
7.359086232425746
4.679777670486507
3.116766951427147
3.1225311320776274
3.3845860055519688
1.5629724733735184
2.2843962092183916
2.1303565918430003
2.0702637709470393
1.2287027317477717
0.7625874094479625
9.070223867023117
7.386170491109686
3.3939958617810095
3.6165396625097483
9.726469808662685
9.68008825245021
6.9101729489788095
7.981384628626247
7.847690414868831
8.716352562417793
7.271166439936204
7.284888150522682
0.9164817484902466
1.0891264261615827
0.38474738219184457
0.252542379133333
6.614366442002537
6.898624752584976
5.9382756348178765
5.534579963873793
4.559228621144214
5.15592786525352
4.6861979257987505
3.5040573789761833
2.8871667119384714
2.3269227954590503
2.406312255716423
2.943177909589619
5.144003706124823
3.801950344091391
5.3107965518666544
4.286413215184356
3.724602521574888
4.6360287835175855
0.515026011544335
-0.6042549511440758
9.9019918371901
10.76140102453578
8.127957882868253
10.255601469218607
5.65783652245535
4.2451967877212065
8.593667185588373
7.789062839971637
4.524986378704843
4.961719147337606
1.2642638474379009
0.2917169822714403
0.6890576447570607
0.91758938589562
2.6282689902985688
1.6520307286824767
2.773028587100087
4.234369153103813
2.4023386586969133
2.6738800147375303
0.15170622935924083
0.047237372822410806
4.494770553797473
2.6508951186101037
4.768045893029836
6.426640800722164
6.21504141968693
6.291307432798329
6.701175152900182
7.243310881690329
9.531251890762833
11.16828337361348
7.842601629992133
6.929678279764481
9.406641531629337
9.563572913155538
4.276302415042972
4.467759572569407
3.918749691237733
4.259382626255552
1.5557523802417317
0.8040368624336937
3.44694594346713
2.530299599363015
3.3812458880706053
1.8540824333051384
6.827982791932512
7.17452014455501
6.637354303030055
5.998290900177581
5.266163361007093
6.73687748467131
3.430326635274051
2.8561127697535893
4.726365773146792
4.72137023169463
0.5972240549572194
-0.3163240891291603
0.5747239220794342
2.3429995332749165
7.984405142400749
8.773393653240253
2.5199321330072166
1.4664974595780556
7.509754817462015
8.549072292916906
8.753785816224466
8.84295463417031
7.906669974732684
7.572197773368481
0.492428600482262
2.130019024349714
9.73450318677871
9.776774725387373
8.396550586353081
7.774114426636326
8.283078531045732
9.632298487459794
3.5818050032300253
4.030258520646246
4.762698612128986
6.045305105414746
6.638759100005566
6.726009699138112
4.447544232600791
4.722988744878232
7.147766725895831
7.307668583703341
8.371933956030869
8.979736657719904
3.080920816656639
1.8910596711610557
0.4001959177273873
0.06257049643805423
5.691345985053015
5.279631868695606
6.904630031077533
6.236778720252765
5.5358332092307725
5.845546476195659
6.726011505026101
8.062264897741503
5.369838051711115
4.663623525459906
3.1662754758066933
4.399362008208374
0.9122566549155942
0.1831497996967616
1.2657014691075064
1.652590460835179
2.4897313198828455
1.6296931408325839
1.551357397402886
-0.06505408011029323
8.328749860169614
7.956368054922939
7.835922207941052
7.09332559887659
0.43079556735603264
-0.818317346312232
0.24815131972985904
0.7030379669197269
3.4106496231521897
3.234924007715211
6.39915243069328
6.936577849718405
1.9549705005620266
1.2434490617729226
2.89160690900778
4.678978644803889
2.9390739708015445
3.6710325193848354
2.1102646068490136
2.49056539163185
5.163242960377427
4.971255084191997
1.3317329499134334
0.9791690233918684
2.1985159287817813
3.2135223889146567
1.0561301836403303
2.054648118201114
1.5787384547600058
0.9793950808474473
0.927275214284079
0.8582554090176492
8.119488472661216
8.641919624100671
1.355366653825918
-0.31991337169933964
7.130362088178574
5.588109834839221
4.02376920027293
4.465161094027112
4.934710433081554
4.078106148025926
7.118857963047089
8.00496602941119
0.7733980617076064
1.2932375174123696
2.9619928409579774
3.196925673139965
5.760345300620334
7.439262187588245
3.6817873282290514
4.365698752706311
6.321985041637675
6.635387676362276
5.3880201905035
4.944264614279098
6.079709533752785
6.408604332771393
9.70087176600517
9.201618422048448
7.406026586218697
7.228613823646616
7.344450307678448
6.591961965973348
4.208001985694
3.911117892809335
8.50125451652355
9.89663567520708
8.130258675105761
8.848884468805553
3.89522776509025
4.222778536154228
2.8302483603818795
3.700643567597457
8.101347189126022
8.234562116879559
2.732975550479516
2.6205370932937266
6.608961210262052
6.274953653193069
2.104472000773735
2.3609224539493714
6.528194313574969
7.1256224942633075
4.846540535210368
5.889839089102445
0.6535485622109549
1.0448930689542695
3.921492570837141
2.2377846903835374
6.764660165252705
7.172297328592391
5.588963356050054
6.107683242736693
9.414068507116706
8.773819899786801
6.760058750828078
8.466416708449458
9.898923536576609
10.299169063341521
4.97761532153048
5.977573563060493
1.2255393624170985
1.526180552060142
4.104728853579274
5.0873360562180725
8.641864181349844
8.364209996883972
1.447998491602216
2.3515208382945394
7.1707146811821545
7.89804291016648
1.6122017883312156
1.6850775634614787
8.21521986552493
5.7620349291074
7.11677047900495
7.420676554161308
9.985569674262573
8.899352069775848
4.6535551827514965
3.069403928363616
4.741301265794371
5.4157046841850605
0.6529772329843986
2.1532618730718083
5.2870344475881
6.131670008960019
5.44560029918123
4.794473609506577
5.377734659779854
5.331224585256822
2.5136422423913474
1.7544736692561147
1.6656767290427055
2.3398370583490355
8.272916672993523
9.881749738931129
1.5051237129808903
1.5864361390978707
5.702837019660214
5.99448240758516
9.37550844297941
9.793545245354261
9.014509876824787
8.546497829641945
0.4827450839646774
-0.8617645935524298
4.932590136677465
4.004264187159291
2.2056797234684025
2.582749138036757
6.761046641271088
6.089610117836961
9.439319291179908
10.149191560815126
8.242416556620215
10.600883268332959
2.6965919822079796
0.9562178665016507
9.267498171026293
7.970415231292957
2.2704922102962466
-1.2499960835419999
2.252487253420803
2.41974399854584
1.242569564354401
-0.08422160916582078
3.319411375256781
4.116090106123982
2.6286096956824165
1.072299814722183
8.189363210384858
8.042551652513433
4.118172280162123
2.1369528203295727
2.201593324915403
2.897809817702879
3.6688032846257137
3.07104152868511
1.291539814135081
0.5237010264092565
9.284507943329409
8.848276844978049
1.3978145237507489
0.7691379506180774
0.540470833872978
1.4605533032680724
2.309547729786199
2.66647149709341
3.5422016506808207
4.829353158629375
4.352371249231034
3.995931768642111
5.2719928980563955
4.627750314168001
8.63381157410115
8.283143436435868
6.914092402058611
6.139815077375762
1.314206426170249
1.8338860911693116
7.549860729405768
8.793922958036786
2.597468016133168
2.3005115099099918
1.72978428182044
1.0476065829534282
9.801191603537
9.55166946503615
8.445496372673349
9.256894108669663
3.5248947266095687
2.5781802561677782
7.266346710008763
6.617112994762397
5.1362756397618945
4.0953304557171055
0.18238091324992323
1.2180510126211725
9.558033579916286
8.56665473952222
7.3949273008755965
6.620281720511615
8.122998394646348
7.147347612168598
4.569026302838562
3.5893703316292638
4.049085847124393
3.7494047361812655
3.792044822807925
4.436886312572885
2.458291464068413
0.7181655528037059
5.988868039283387
7.4584754714395665
8.591367685717344
8.855769114505556
9.983925857907817
10.567360068174075
4.495014277986524
3.7428866477971687
7.550334914443169
9.02195215368002
9.840840177009134
9.607557928977087
0.2348054499605312
0.17088250037381092
6.484203647597506
4.967225896137542
5.992829907686875
5.02592878703009
8.66164708606089
8.531965301392148
0.11392681527425119
2.231591514784146
6.457963935109323
5.155566526490495
7.790466220972002
6.496645406189238
9.602436021300285
10.017368843212582
3.331913351815192
2.384041145801068
5.06054741465019
4.032833354134558
7.5415482895938375
7.21491851163994
7.120886684461314
8.564106418695932
5.696470938786594
4.985007693411834
4.43513120715795
5.342952791820767
3.594281136533314
3.561961896312959
7.0273614102579
6.784392909805202
1.2675802434960404
0.2135619899420078
8.586165952585343
6.928309384248604
0.5444389990830967
-1.1458759490604546
8.198753384422039
8.696393274506322
0.7861150498864677
0.7364510446007253
7.583049920542938
8.326564125919782
9.613749048309693
11.166900030817114
1.7402084603526302
2.520892664334457
8.602978034961076
8.309610864121346
2.696494019294813
2.990353100635143
0.8531373573302747
-0.04823162733760722
7.047276759306924
7.844258985361952
0.6987420944915912
0.3069661451938989
3.0274923478307327
1.9705485996806649
8.455107801367017
7.220691897496902
5.543373212104391
6.595634183074421
0.7701016577987452
0.5461923988501562
6.145314448791974
6.34933688717526
3.895052220773173
3.4564564127866566
0.8503265022086737
1.6560544159328108
6.193138516683119
7.622686308457626
2.7978737414205765
2.8963561965620004
9.149436682367929
9.368908524315362
3.667795995673461
4.983453511472291
8.882331589851598
8.144777172832585
1.9233699934013115
1.0714078040845842
2.0140400209124754
3.735056852720567
7.461777903022734
5.9214706506754755
8.175173336055238
7.204044405506429
8.019683040815778
7.454994967529785
0.8583260601594134
-0.5112875422812733
9.772557332718705
8.18351591900889
9.11335259837306
8.57084531360455
7.725542465437766
8.606558025500004
4.105360814358382
4.056640743062804
2.3275120286785755
1.774446427206006
4.3533084700131655
3.321407382534061
0.2666203119327115
0.2304303672927638
6.384827208334405
7.388701428140771
1.1715358440884616
3.142702395249385
6.65538764383453
6.8990118773485465
1.546436206362819
1.2158801126313799
5.299104106073792
5.278477972625404
5.7534977838211585
5.213631982011708
5.208019628438195
4.876567200864373
7.9338456205892935
7.159237396347123
3.184992711193364
5.658513811289925
3.414635976565509
3.1760727824118966
6.182630058391373
7.06626335952186
9.896482106127111
10.659562063063388
1.4489918987855699
0.43589593433428075
3.707641742133241
3.8856435779172
8.050977245878233
7.6794076700074445
3.7849572173310864
4.625308142005301
8.907585117862075
8.070798801587815
0.8576568719002908
0.6523860536099205
7.244325994803268
7.665537060129558
9.440803661843088
7.684779016396224
2.827155869780432
2.863247062770963
5.457049450460708
3.7676481110146685
1.7342559808067293
0.22269709338698873
2.036864225979077
2.9138075182173973
3.4766124316526046
3.278508658004476
9.777467432782933
9.397737718481721
0.3815737087862203
0.2669551032252174
2.7049632953842084
1.392734226813237
5.578376879843954
6.418624499827493
2.082479099251766
2.1937494348160524
2.771855403729848
1.4030203742456457
9.77498272244438
7.990856773018219
3.904602085608847
5.070481454862549
5.611021456888264
6.616356879103646
0.4462885202342737
2.9112525443591
1.8682804828413313
-0.026331414552994037
3.047564219017932
2.2706781472409556
8.642123089067091
8.288854743185976
7.18966019643675
5.133582867123637
1.501217771079103
2.8443917416664517
0.012635207068447674
0.877180878840109
4.264300931260282
3.730600137395057
4.255861064548566
5.288956816326538
4.980510360609091
5.181458909398001
2.1918458360320203
1.1001666012227687
3.5961842628119456
4.998085498348946
8.194736566794484
7.388943615016583
9.21136130534093
9.912892359230977
7.877767406311962
5.982615049973576
9.614554554164638
9.976810201688425
6.724309420713225
6.444512791882747
6.782413624117089
4.830420265592953
2.9395276540894475
3.151310540064733
3.422893111959866
4.167505589669765
0.20180591132509917
0.1363346056207643
5.001848871773617
5.256293702716084
0.6957179349239062
0.36967361645872454
0.2642891177140205
0.2699927902941623
4.916852984581338
5.779442273537918
0.888147282004661
1.890508717868335
3.686170246670609
5.295884582863351
0.26319049940180306
-0.20085073060427172
6.287705390689625
6.220400762225559
8.937895301596303
9.774309066762386
3.7323953893144024
4.846208336282441
0.11915627341564372
-0.30681149658562734
9.704852898217016
9.066356794138034
0.9551507693087014
0.5552021377014384
3.1804583348448268
2.3384357743180626
2.0903929898789766
1.233676367866324
4.670610832914724
4.870407618965309
0.9508210793292748
1.1867281769660778
8.647141234716234
7.64755587789051
9.26568677860206
9.158844066265997
9.783763531702025
9.994402374972355
2.240353403850289
2.6578731321219866
2.686934484459682
2.5063951963689606
2.5054167047461484
2.4872251195877797
6.506011525298266
7.214618831457353
9.683939674442033
8.482538915058718
2.195254998368461
2.1094364615220305
4.583294258092863
2.831786325082372
6.563048181721964
7.315047335708748
0.05004339594453899
0.13793537798121563
7.175883531239547
6.732540607898055
4.367244152353246
4.9291221795261535
0.8337947835171278
0.6451182853338657
9.767106377134429
9.731761913338676
2.666164208846875
2.0128095386299787
5.120356094634016
4.988055278247484
8.616135788104893
7.007357338525342
8.574573915307619
6.482268132124604
9.074674672232081
9.312817372152251
8.884074441265016
9.667062798136477
3.6889818256959908
4.962009925923369
1.4665074273974232
3.123600554883706
4.732360654869834
4.524183508882361
9.132713346277486
9.065412394002376
0.5116229432043928
1.5753019647545348
3.9128009769301353
5.563321429714793
5.596768660787479
4.9583443668707785
1.1191899226090585
1.030318512185703
7.674388158704942
7.7183463390584786
7.5695900869918775
8.287009916810398
1.9950186891876986
0.8032748380870223
6.882654489955754
7.227414071317836
6.581199307072895
9.56631603886673
2.3116959389851086
3.296850813060837
4.363480525293495
3.983032077968938
8.569890362854851
8.074743578227194
1.548813667478337
-1.0714362664360184
7.040691939467896
7.780738509460216
1.9408273627932282
3.0397664174732206
5.527981923782207
3.6818957599845166
2.4991762169854526
1.348976367695794
0.6671345820762498
0.6559974831647988
6.274542273209802
6.395995646048953
8.394837008639298
8.453229993708606
0.011786462096792238
0.08606229558530462
8.23202448954395
8.502271663649012
4.661759964101542
3.8696862426447076
7.664114420063813
7.824585292328529
2.3261000033851764
1.4543411773421877
3.655413682512619
3.2420623862965856
0.15217608980023112
0.5265572667584635
3.834934088239196
3.366930977805759
0.4494631905245028
1.0449525961207928
4.704281253164524
4.44900259241053
8.275187819380822
7.589402189924525
6.457936942679371
8.409258481535598
7.4161128225869355
7.5681059256632635
1.2350830965000004
2.2851650631593183
4.5227195029820875
3.674191217680668
5.734753349177359
4.386180368422664
5.417985700488596
8.102581569822242
2.179321357267203
2.590868318349144
4.869985815477996
2.26086610476795
5.098747595981137
5.57020975087217
4.059043596480228
4.472026174422585
8.22131514157707
7.498269206394361
7.736868649253471
9.044232556561653
0.36328813451993125
1.139288255878279
4.581402822936922
3.804383427280627
2.4504746448895154
1.927408159238733
3.8194565112223646
3.282301998892452
2.1669692217627645
1.781586498585952
3.350607548319392
3.8459211566218015
7.6176339735224765
7.799231576739102
2.130247092210622
0.6103842426367128
5.25406313403665
5.904600651696371
2.6934659967364096
1.8529812633642224
0.2706941759003223
0.16606329579022835
8.5496463582662
10.159138458465772
5.93767731169431
7.240392459803015
8.1884397761258
7.261792097538969
4.740166591565097
5.679144192315845
2.9034258749016697
3.001259415728325
3.198385662519633
3.198429455637051
0.555405298155135
0.7860868562357015
6.080914081589787
6.330266893682979
6.554939961269413
6.314791452570172
1.4879951244162692
0.8158953331138042
2.348760871887945
0.19500202922279897
7.951293529588888
7.2334130135776515
3.245350437311485
3.805872653481007
8.034423395384147
7.014492384626911
1.6507367594284117
0.750442093561208
1.5062590898077965
2.1071001779298797
8.018160523609897
5.413712808235367
7.051573911882364
5.624864868374115
8.397425765832855
7.773423576086761
9.582022838720082
9.992459609311886
7.533731750773268
8.153329588793234
2.9906958500196232
1.7415176838620852
3.4456249353214643
2.666312927540329
8.741026848872535
6.995719334677726
4.235263903522424
5.027791065780396
6.329902261535457
6.504673847733017
1.5262418617594697
0.7251965774748682
3.4238945593207584
2.2078845139677927
1.05618475661317
1.1070830181538132
9.271035747045136
10.137234017432451
4.29974834311634
2.889934474485666
4.201573917860879
3.663638726399048
6.891050167654701
8.286214894359063
3.641995753868117
3.337010020382391
8.677590846741474
7.795206165752817
6.644209854049436
5.839601023471188
6.986462515191953
6.213776114342374
7.334305686439912
7.28320620780537
4.622647427706884
4.787733675803712
2.3470202157214515
3.0009288914322925
1.4701400532719089
1.6585589968834067
0.11462199064610212
0.10837559894527575
0.7957199555011507
0.8784751968813456
2.272238397339912
2.3504599046467938
4.738924046572791
5.24053614874898
0.23631284707279598
-0.4058846626937437
1.8457775492533746
1.4529845545322053
3.9792607451920157
4.1704290723674085
0.8817396177784664
-0.04226760737759583
8.47077703441002
8.585481399976612
1.0994960607007909
0.8137693366923751
3.559096235820529
2.330994890927353
7.560018533717364
7.485225102938319
5.259148820482511
4.970024588788554
8.464773472238775
7.265251124736302
2.370763000960734
2.1244463423599753
2.273258777602134
1.1612260730806307
0.7326543585754508
-1.7315441424578224
7.3449283526706575
7.168707661338515
5.663176666959574
6.025967712577646
3.6909630198876764
5.251346859283951
0.0049810524007742885
0.09800833738178874
8.196492647774598
9.519525582781357
3.2811041799342133
3.363563010266092
6.689622412551519
5.7563245891908235
9.250563943897953
9.578931324313665
8.33042602513202
8.249711011159608
1.2663899550561841
0.8418860197525364
7.931816928594686
9.542492443951
8.34874842433682
8.458190629276858
1.6756297766260442
0.9804215696083856
6.446041375765202
6.342918388219872
9.273686231242777
6.733242183485135
5.345681034945238
5.459697678354858
2.0308054736348424
3.7359815615172787
6.651997319618795
5.671110458703192
5.818192139930543
5.017724121875281
5.99941660928277
4.1396807225097145
8.524826862877038
8.105367864638696
4.7022322675868855
6.160458186878566
9.351557146515443
8.314199570444643
1.381500838761518
-0.7522957158791215
8.078258792586698
8.848585040280804
5.8721320081586175
4.801252052059434
9.34411165629556
10.026507075676156
7.719999516358381
7.5686614573481075
3.6455254215579336
4.239317884526626
7.315521685273096
8.752852845087446
6.907861071857435
7.333161666511547
7.63961534815934
8.95920445877212
2.6402646823898857
3.157830795168283
9.327135383664611
10.908949351790781
4.16793831447663
2.132787509354451
0.7687955846512817
1.4280711465063205
6.5842894876060925
5.877447741826245
8.807232677536579
8.109595245588729
2.0817767341292037
2.47043953356426
1.9969392038565081
0.05756022288195872
1.7582469322405403
2.5079715597299437
7.472595990543893
7.513266054214217
8.616162575971751
9.002845527107649
5.985275563459995
6.514031532478818
0.14191856723800855
0.7669696110003149
0.9633530185805317
-0.8558384133809842
2.6981810000281503
3.5761924565081755
0.8756121815886431
-0.41760011186825774
8.779113767850127
7.424140431551102
2.4221931801207255
2.8242734605286697
8.865480393787935
9.794466869301733
2.2430577628645465
2.406283455266023
3.3767138943763775
4.3743409504422255
9.306527754534788
10.27353213672939
3.31343358611905
3.041276351694277
7.725577063112775
8.491848900914366
2.7138704993603002
3.1712725766319374
9.091366764720203
7.806529986156718
3.8028455916359594
4.749670277021329
4.307416713417162
4.594463900743098
5.421801895851663
6.906624580324419
4.145855662413528
4.251056042408412
4.102654697878102
3.7981054782916637
9.742105190049195
10.084448787127856
4.074302603271052
5.194644959155767
2.8218200873654933
1.8411426570489131
0.6007200235769417
0.17605974936546687
7.358341094629813
8.323447459243962
1.5157702033110643
1.931654498849247
4.997295557263387
5.271100088885008
1.0510940506956623
-0.9997595927520115
0.7017200005262691
2.659460185057658
8.250810390952331
7.89168500162183
5.71202011960199
5.835329985116462
1.18268146409222
0.3282943626839402
9.085825190998518
10.056879743127768
3.7157640265312377
3.2902975200444278
7.3756446943790985
8.181173048465084
4.069984353501698
3.0668486993945083
7.878240339686547
6.150702496610982
0.05198662270226917
-0.12050575718570464
2.139442755009994
0.9855323833929057
1.9901638336848415
1.2201268863271162
7.323161702407611
6.916968844058457
9.970342673158958
8.55393992788554
1.5395722908241816
1.631864475115234
8.457616941181314
9.399044957535292
8.856372965250545
7.735868676850675
2.01765181491513
3.8966491623926953
4.4672976908193
5.443704031958407
8.064579255559135
8.977253030370036
0.13494067103925866
0.9400035712354953
8.650533625209443
8.720743782338467
3.893565662275301
3.9190083983512216
8.070105507249432
8.997905256560378
2.591316551619328
1.6084190350515901
4.571320956170943
4.521179023263562
5.004830834840831
3.1413742383097327
1.4714292911835625
-0.08528535472999699
6.784390582788749
6.525842252310522
8.190978702229412
8.061994067107081
5.27432488911868
4.813743433592593
5.3659804833696
6.211706041224005
0.2891276545637733
0.3704206313043198
6.645388906941295
6.215520046595386
7.837640217510058
8.364551752494265
1.3832689356691386
1.5492704296121238
3.548773004493092
3.0848285308130188
4.523150557461305
5.010537258140506
3.685860453744337
2.5115826109710078
1.7551887520112086
2.201337042631382
5.020800659116355
4.671544638122434
5.114962577536648
5.513255334288332
6.930712636182573
9.061772638304813
7.259996601061984
7.087890938870938
7.1611430364749165
6.5172571511153325
2.191424710779043
1.1076858268009468
0.48330755725706775
0.14375167011741358
6.056661775263956
4.8418220714208
5.960466695679457
7.48306723018512
3.2331428858039923
4.332117356965475
0.9000506751150272
1.2627026684126523
1.4377767914634088
2.453150870682613
4.652309676584397
3.7240347130555884
5.027549703624171
4.780736614803533
5.184020836486267
3.834595954740974
1.0929882801270885
1.634391435871979
6.943400555443601
7.502163760584433
1.6570023003646273
0.820693892115052
3.23345039729909
3.76583622155388
0.5887390297356021
0.8454002406249892
0.7491447832469644
1.7621914666029799
8.692078359317692
6.953386581648593
9.395031406933679
10.186567858005924
7.382669584586054
7.233738237873808
7.589917931952987
8.44830461809926
2.645537940481532
3.995216876472611
5.693551847228468
5.156371262272591
5.202078245543351
5.590197027718562
8.960217372287373
9.022706576384103
5.85939133544543
3.4399913313319734
7.394071642861401
7.595748302119783
6.687821532181851
7.990411747501687
6.235817353709203
5.9382249440420045
3.141764091232131
3.112411756702107
6.303022774674786
6.9436663180815525
9.767075422916868
9.771328178319074
7.552324105749545
7.906103949298598
9.876502520173961
11.305451452843116
8.193700710121487
7.284914544772643
0.04453802271428331
1.5337352266473765
3.8234138330287424
2.582763944774595
3.218952588628431
2.8594205979690517
3.9177635324748183
4.194056462000257
4.463270869907003
3.1049995108881125
1.875184882579748
1.501592471670576
3.1853670007846127
2.0946788767696147
2.8102939643601266
0.7905610836947243
5.69445997019518
5.156648515617547
0.6729594393093008
0.9519154180209985
1.0244748501381495
0.4786805537299824
1.7640413386359521
1.501793372100344
1.976866616276014
2.0132738383850715
0.3960450513396152
-0.6002648969987926
6.506579617292905
4.393485902074439
2.9433696727842884
4.27216126795407
2.8526934634754397
-0.1626377025076189
2.766598095435352
2.9859161689704656
5.31992765596792
3.921585199620153
8.726061053429877
8.261498193942428
2.9205036205111803
1.7829024035512642
0.6497514897129808
-0.28140850455817934
4.127496984066125
4.28848494518813
1.0153402952487256
1.7617515934236219
2.3984407733209423
3.1719339305003587
9.049907170039006
10.309801098988297
5.7111424976387415
5.807626416667825
4.504073354004852
3.2611377686355167
7.901652771775103
8.911969078117314
5.40807205782841
4.05517246366367
3.1963266221552313
5.8363439678816516
3.7832932340399115
3.4968901955043625
2.7760336560912355
2.5117129343530036
3.5692527182131997
2.443327617507097
6.787843010714312
9.321667740016744
7.668516577209696
9.005061352760166
0.500662847346004
0.048653122845752295
7.768480884946063
6.122801799061508
6.443379992284362
6.436694307024139
4.863458686020308
4.096087729815462
7.880683748387076
7.643125261919247
6.371638589731084
6.339157457502392
