0.2782762176824596
0.30983037833726135
0.180364650270757
0.7965364808885245
0.00713694492877448
0.6270741443529307
0.6971850505592432
0.8867428240842213
0.7285557190920071
0.4585119197322648
0.08800203965247522
0.3270139966565546
0.4745209509687348
0.7193090466963935
0.513769089588427
0.6143860143118183
0.9893909832751991
0.7721849053602629
0.05172994544642484
0.42321542113436883
0.6042992454016675
0.853677739694509
0.49755654006149796
0.8832241769168792
0.031085720745537948
0.13285539053775186
0.45282026580012513
0.653290180782545
0.9368051050203401
0.733662550243106
0.79203663412357
0.245580517059933
0.32629388202871157
0.5489902954250295
0.43638769236737385
0.6300917463187197
0.18201163589290725
0.5313398366439402
0.9731890620086442
0.8294340334591843
0.9855035040036869
0.9419717605042172
0.07454121506543487
0.9694770860600199
0.058103687794684555
0.12636677102449068
0.07971481739059838
0.4038470817605554
0.026716521054981013
0.8079614904661707
0.7115149919673117
0.6888845394947756
0.6650339314459257
0.6052467705115164
0.6656014960303928
0.2906846326285254
0.4647327172223419
0.011519089527010418
0.23958143439717094
0.7089481839857656
0.9074428693667035
0.6845249695555318
0.6660000980166589
0.902736276387524
0.7452416659723764
0.29933966824573355
0.4276364373929159
0.5520181051277187
0.1928000737832689
0.8341720941542027
0.29685811486894675
0.6351372217472683
0.6347928037945088
0.7403369540918986
0.2724081273607295
0.5485327283305499
0.06808179865057917
0.9723882065942656
0.5736207603421081
0.1494156977445532
0.864896554615041
0.7043958216212352
0.4759810136082273
0.978516644329209
0.20791521108406263
0.10676234005223706
0.2803699006797091
0.8964864177645993
0.6205716957648902
0.5737774786157235
0.9126951082962208
0.021370147983367227
0.9056444090350194
0.5557940149987379
0.03756556304778824
0.48674173941778054
0.6466796524338718
0.810632171325536
0.9126236968892298
0.06934246677415834
0.5817692050928454
0.1706983731663967
0.3609727056312041
0.3655862757409386
0.4524741405564283
0.8542293152190937
0.033250875013628556
0.880067944050609
0.25933594469862087
0.3673844921136198
0.054735127868173694
0.23724242489611214
0.30303858034568687
0.548097155736828
0.7282948675473296
0.695884222278615
0.39009120272015496
0.9430116974984155
0.5529731841031202
0.2879306500021589
0.9998691815941931
0.022624470155029663
0.7155519527492569
0.46874500108722206
0.3669370824562638
0.7523532620909728
0.45997301857061823
0.11326466984696903
0.9772748457083397
0.06943158605841637
0.685561086175387
0.6266985607452799
0.002070455099766444
0.02334221608966336
0.30661055896065215
0.32867976063418447
0.2583257401951973
0.9400026251285548
0.201011162339102
0.06273186409615839
0.7551664743234737
0.39899316186832023
0.5554719388622547
0.7789381747376118
0.43577169045614217
0.6100894876056386
0.36277379403614474
0.9631677836652576
0.3231613334738298
0.8729761178209816
0.3027132077524901
0.9291493475674587
0.04695641125233152
0.055409160674338764
0.5514479804424179
0.17245455023414225
0.6817576537237738
0.4886949012573293
0.6315404669912037
0.46369558319843884
0.26390805142573015
0.3831916915191801
0.08737501466646769
0.3758872040639657
0.9785333360116726
0.7267876291899957
0.1488619770428471
0.5068422478120945
0.08648365093234767
0.5838704340914905
0.09188583639014736
0.721971765294975
0.6943698949372961
0.21230988191973832
0.9917923607020006
0.4286212384961199
0.765266889272289
0.07957074997999747
0.4541476325969188
0.5635619014497567
0.9280126303846304
0.44118713448592906
0.6159531221533795
0.7478732953994494
0.8478438289687219
0.458762754249455
0.18436985795252603
0.7278887516480234
0.8618273234777869
0.22995466234098516
0.876105968530758
0.6539440210748555
0.29864373737218186
0.09445573529606166
0.7306701293448673
0.7483763220421416
0.5193489004534673
0.1711713290723258
0.7417871320697859
0.3158598699233959
0.8137873300687671
0.46534003213820174
0.7274794359332689
0.3496735528304874
0.6118563753440427
0.868639251446413
0.7133796015055317
0.7589585289280305
0.48518679750388005
0.33587174701671096
0.9176685503345755
0.8204700408857236
0.7225867566606444
0.41521413211403735
0.6403442794852273
0.5948068884934123
0.6870087496985374
0.2703359230463972
0.7871785498025123
0.798509363505017
0.8545551835894307
0.9272237898244358
0.14044652242744204
0.9471546612071885
0.7093391224541534
0.8723101565768066
0.25832629423087416
0.933630130991271
0.5561855690106919
0.21015779655829592
0.6890669764744206
0.5691820223322617
0.28521170231164483
0.403384279078319
0.8074396843352839
0.837820056018226
0.03650749139079823
0.10855953331128665
0.633974146656267
0.3707923662430561
0.6901835355315423
0.8487539173406345
0.4249175784275159
0.7942064253173593
0.6695163554079079
0.47285874355604884
0.38602836916793815
0.4740715249200893
0.5614444815391312
0.30838603548740184
0.1295753023399573
0.5766552202511959
0.46360177792570023
0.6864361851250987
0.6804127122390434
0.32506525421994303
0.7059419413963387
0.8979807845689665
0.24567381102533414
0.8794367151859906
0.19163224645022414
0.5296236316301823
0.7719457035179769
0.7585006640285541
0.9215373536582332
0.7829891183562974
0.5953058590121674
0.7049054063405927
0.07181626299604404
0.6209089530587363
0.33953731639908036
0.5725528587154401
0.1284175348119555
0.8809409558237076
0.5993144449183992
0.025051753830633627
0.5119595050339254
0.9421113279973318
0.4688083183423053
0.16617158317819247
0.8534213212239783
0.9688247876585774
0.10149723376898945
0.6395746505852298
0.6653927876042096
0.5563017439420764
0.4513594297627962
0.9702031762560058
0.5576919244651061
0.7424205906001621
0.6205425511791242
0.912560386234948
0.5701237564445857
0.12647154646343794
0.4675118741790836
0.8339341148568978
0.8968054853655224
0.7620591572012667
0.8579429842913622
0.40331383924313935
0.5569800447395685
0.9688537699895889
0.19922862506297156
0.06378533103085937
0.3528889220017237
0.23091783821077705
0.05143198916716707
0.8290392092520371
0.7905637837162088
0.8728955613500833
0.6231210292425691
0.3154569352496286
0.4945428376470893
0.6216731426263287
0.44554019076323625
0.06433964076427157
0.9008306099018972
0.03248521735619281
0.7535013061804596
0.36645931050954805
0.37559432141912097
0.6462420460433811
0.6656490760114848
0.6534491709129627
0.2850260677114781
0.3771184898928538
0.32211447980880537
0.7082457569014063
0.4509074765818306
0.1472757959721135
0.8984768490428701
0.018849175554621067
0.31948813898985384
0.3557154106791812
0.647391131737814
0.8485674062364517
0.13697398252122495
0.08708080251279271
0.9637713363774159
0.5210277712002079
0.3748187072829511
0.9765002292128862
0.04512970035286257
0.4694438542631958
0.09241795511367235
0.25843947072631734
0.9340321979977049
0.5102134189587986
0.000693229776326798
0.12339937974513648
0.3269465206236024
0.6764518263311996
0.9006608755841822
0.009098611304512505
0.3561719228954683
0.09172208278125416
0.011357493471335856
0.558838363816594
0.7365090035210361
0.9114158700401399
0.08399409953172021
0.4845413453569247
0.21848913640967083
0.4082765430519213
0.7007835175755934
0.680291433872896
0.39719063949468236
0.9520604220256649
0.10966342980300381
0.11096318781113867
0.006033641330726702
0.7078733106214935
0.28976022333830653
0.4280299750946365
0.9727639580956908
0.39252213548325665
0.5175508581930999
0.21181829145387243
0.10634916622522006
0.18653574073760026
0.17130440093194688
0.3692295417265349
0.1174959954017819
0.1517472719421029
0.09653524644645295
0.5865739991688291
0.4091583196640567
0.0418727531388996
0.7891772328757035
0.3419603444753371
0.7514312862560074
0.4160764367785226
0.1518394989181705
0.5449515270374219
0.382825451558542
0.6327523775289804
0.24952129951371127
0.3903295412753236
0.40629379456567183
0.5131430603183387
0.5590404328964459
0.7524778261691689
0.4268723861427729
0.10223807892644043
0.7155833314203404
0.041447338649884036
0.42983527124602516
0.17264688207764167
0.3790117365492647
0.4236063785530898
0.39017640335294634
0.47815766592512665
0.17226970468348002
0.20971049037044653
0.5080605582644875
0.18036912895134005
0.8782861030839401
0.7719142802778396
0.02206473748451232
0.521666238128567
0.3550474930969745
0.6722469727829451
0.5296209093520899
0.025288395867144375
0.47227547203085674
0.6176497491691058
0.328811228908085
0.21050984620584812
0.9373760987522611
0.5852983621772492
0.4238557151812501
0.3751970376971546
0.9837981092880068
0.23113880968572942
0.47440206003736973
0.36794959676680183
0.2921713944947063
0.8299492619664547
0.16179636126915564
0.028188189508318473
0.1432827972267282
0.8748583850935585
0.39916138645027854
0.30009492666772253
0.3944025940882996
0.018066108616288434
0.5716273883731364
0.5935013837233494
0.8379688671180967
0.5451568758716823
0.11389626356000837
0.3556261830176597
0.5530761111183473
0.6044921338018214
0.662406278720795
0.9980174012807745
0.07082167902188774
0.6834712210800552
0.6317767756875965
0.7088065189338033
0.06173913000109055
0.5294518461749919
0.5037073154228121
0.8609180434384628
0.8006682107256985
0.9523561877116514
0.859171049972819
0.5013077065694339
0.6581396037204407
0.7229887016819292
0.21515804173765252
0.4242501103937303
0.07125927661110909
0.16929839209952025
0.5915684060414155
0.5734844186860024
0.8080513938414654
0.7613397217658779
0.6848735315903479
0.5053803901332143
0.23570348551869258
0.6442270269104946
0.2176419069476654
0.9636199614682595
0.6763524424250363
0.817083851000544
0.9271267648169402
0.9836006194821347
0.2765516171396669
0.47429071079473695
0.3963334725880846
0.12375184326420163
0.7900042774663313
0.8305309001775035
0.9277535918695969
0.9659997085008906
0.2921056851851159
0.21839550568642552
0.23379077936112658
0.766590402350249
0.780230723391645
0.08570091003928137
0.21019133340031682
0.14220970660950105
0.33632348501446263
0.6191162118646603
0.9890622760902361
0.00028033303061769654
0.014590734445299236
0.630272631543591
0.9259106052775422
0.5982600143561301
0.8260989232701863
0.5078846594935614
0.08181199220816682
0.4711662795770589
0.018031712293861135
0.00227350472033927
0.651968458311322
0.6443838996209982
0.5298285312433826
0.4290911680529056
0.7722020905048035
0.8011361701828623
0.9488745104016639
0.7440007946022257
0.053769485061959665
0.17654682787127607
0.6610854733582886
0.8730388203646564
0.1418999393684297
0.6597864931234483
0.36024504118859135
0.02988921986570303
0.21035065433608258
0.29482294765515216
0.2367343816461127
0.9732527505688161
0.10513631503425958
0.45072068903559404
0.03281005943511228
0.13655826394877313
0.7271642989271693
0.03979183954487131
0.3279928195024573
0.6310987266284508
0.494373424376659
0.6894547705977859
0.1176937646516768
0.6538353819830414
0.1692613997808219
0.015984509492117716
0.8057221840861011
0.2393470384866081
0.09571399054176899
0.5341931914086158
0.2677765621625715
0.20056270164086787
0.2515246099455194
0.3020383202295873
0.6794359713143833
0.38143828219938325
0.08406123169082791
0.4796120450672653
0.7595874949314589
0.8553605620670167
0.26734425710841303
0.17375824130566575
0.22857718401460048
0.2471651516358917
0.7364047013669681
0.1970324478820451
0.3798627820137226
0.2929219844901695
0.45366912370522294
0.8841475517108879
0.3851740120673204
0.8682319303346312
0.7554930745644061
0.615668530303642
0.4015688697567209
0.9647608699543894
0.7022798730840824
0.9743919868194174
0.3621349974717679
0.7390005685980132
0.25991449499479113
0.0037887973084789195
0.17063718909723213
0.3590419947767115
0.40980693070682883
0.5739510856426928
0.5840960167785371
0.04919404430616925
0.04688992914212986
0.7596908345953512
0.9847112231097803
0.7924149023918702
0.6424263508226519
0.23513994606641286
0.291032384295167
0.4956868837998988
0.6844318100709159
0.7062816759917492
0.8936997113091141
0.8121915723732811
0.06125454538266384
0.5829720102500497
0.9756706687444097
0.5752340022796207
0.1434683761331973
0.5173939742950494
0.029449316935640346
0.9085262573148709
0.5048921056996926
0.623556480906125
0.6966359039501766
0.06260743353036513
0.18469641141252202
0.5491000542360939
0.7201819363677356
0.9615119059739229
0.16089359033552963
0.07638728769709768
0.7930088303871193
0.6288290425365686
0.6451605140710289
0.461477264438074
0.7955672577132006
0.7159335408905377
0.49355285561774165
0.6019930334398367
0.2694205575151909
0.6632061983849515
0.8960423152006114
0.4500557078596772
0.32129144689456735
0.9361398930102444
0.02778514711213287
0.6511809029309408
0.33281548822892637
0.5760982154176821
0.0037146004411725553
0.37776218887096413
0.887011456795536
0.8459697247962625
0.06690288141888012
0.3408388808074465
0.6799794277693098
0.8396822164827225
0.7760087808155471
0.2763097319860589
0.9808741311635265
0.5442672673646147
0.8859920101927904
0.2561315062226732
0.026995616269338885
0.32009339907396017
0.22612780805133925
0.549617128777453
0.6704634576188332
0.6068229369494957
0.1586256656043321
0.7947804639123333
0.5017492170964923
0.9668669835114537
0.03382997324743664
0.4914076138333807
0.4039817100322174
0.5721779436074245
0.30108615203625877
0.41746020149434104
0.5853983718609057
0.31548314573853586
0.7123979603782842
0.6760417264951313
0.8733685897408523
0.694527803408133
0.17009586116884634
0.2760958936228909
0.2489034657328253
0.635444231310589
0.4682755439670342
0.4095542121969673
0.7450384735107896
0.7535747389757328
0.7548950107555292
0.9807444118324933
0.16513380361170382
0.10146661806888835
0.7070283790048928
0.9347102475373432
0.44271818725631296
0.9484924891333404
0.7218351285736957
0.3376186104463681
0.3257178142904392
0.7579150451950282
0.45528418529232795
0.7559538393338733
0.05377181183702029
0.7036685463857478
0.9304957932645146
0.6850231611439594
0.7483350124469996
0.9469726496348463
0.8130389199648697
0.8826619101508215
0.5972534761299348
0.20946192068258707
0.20995145265960713
0.6407983992037434
0.2778085795909022
0.04932258490395136
0.4011566860478053
0.27597083033084
0.9351823945378022
0.4410648675807022
0.03910321428025687
0.3388857625705698
0.7837657727081425
0.42687646345036534
0.8646163612776362
0.5394071262994752
0.4898532140381495
0.23269397021933402
0.8493851547959465
0.1511811279158779
0.5011267953027548
0.3674516067008333
0.06157548367274934
0.812894737256626
0.8426387211890828
0.3705418093885049
0.9347733734966687
0.8886091292943104
0.5875695884003185
0.08801450185995752
0.00747270589469573
0.41785604146170474
0.10523488311435159
0.6343252393301504
0.08975199307473769
0.8143497406675033
0.9689480634953457
0.2142346705247733
0.5616575812759576
0.032090880493387375
0.2214351261002353
0.14178588920786006
0.7952259106239634
0.1608351556480897
0.5163994337884616
0.3412601662662529
0.2043744872009826
0.07644181226062452
0.005251954548299853
0.34766540018563075
0.031023947122539197
0.7978430755938929
0.5242288357249485
0.34169937811304396
0.2787110923969055
0.5721330537497366
0.30710483595465743
0.3605735725410779
0.09438885536659347
0.41078137012960003
0.2521976373658863
0.7510618642092063
0.2783655408031418
0.1109733197416426
0.9733603520930273
0.32554761822672174
0.003097964926340735
0.4501420395120824
0.3150472137290834
0.8478422037280106
0.30945766511410355
0.9125286793910573
0.1591841139389628
0.48468478363010925
0.6300425684133237
0.34495594558072695
0.8826715187153606
0.9047953884141571
0.43311412553195494
0.9899005566746986
0.8585581998305587
0.41217996891991715
0.7434006224871367
0.9778219753393385
0.676429213717143
0.2923793481120628
0.4054614897498492
0.3500272839252969
0.1331747015443122
0.5289333038205879
0.768114559474326
0.5342582498149399
0.6900826944226407
0.0009169204839992728
0.27256524538400695
0.08857734315688126
0.6077921297547743
0.5690474687677085
0.976677080501451
0.8945203232256994
0.8447600057445792
0.31563368865289376
0.5972332734675384
0.4545142644022392
0.40318510053196144
0.31795815426693796
0.3842452231014659
0.4828760328351839
0.8475003035984752
0.5060680519013966
0.14317729344814167
0.05307690430812795
0.7213840980744385
0.4688799914374302
0.7486842135635207
0.6325167265479729
0.28123991623481726
0.6515984999817663
0.01933107511445331
0.43052591571726273
0.5398048554390236
0.7469647267080025
0.8058020939544227
0.25880133131484073
0.7256792806709959
0.2817894697952993
0.5626999243730821
0.4045062280281101
0.27479244394245284
0.26984803974378613
0.5341026976862688
0.9646846173781032
0.16591371063478166
0.5410235225236155
0.48384112687660874
0.42193574694006064
0.5226357369530071
0.4366139175315821
0.604795353537668
0.6168285724477686
0.3415979991971997
0.19976427972555988
0.3291838785691663
0.5124959389798798
0.044161475476679146
0.7640644076450235
0.2649812689208596
0.5079255102396613
0.7405803150042445
0.06787880868969198
0.38057657035720605
0.8199630229438106
0.7707772464825983
0.3611786720301696
0.4719499378525359
0.09307085190421915
0.21572012010589725
0.004780874903028032
0.6183656700829889
0.01025990676121491
0.9622309241033985
0.5538615703446033
0.33258340949631726
0.3487615987034254
0.0925663970013536
0.8290840230794929
0.11068339063816679
0.32203329797254543
0.8282949064636879
0.6559259940448966
0.1514464391480499
0.21138559473284046
0.8532519197014157
0.4280351358180704
0.023422801597358878
0.9358949492481383
0.7534569281733229
0.05010493396839477
0.22889836456611012
0.8855829048754704
0.45999205470223414
0.4328427413624184
0.691630388250905
0.4783049376441798
0.8013737647248113
0.8908142884305709
0.6506851133974904
0.3576590280733605
0.31237129011801024
0.6056598198509658
0.7891387973662888
0.7145768889612085
0.8938976327173497
0.03588946560500894
0.36489702709598426
0.6098446943149052
0.2471432493873641
0.5981176574382175
0.5352028270725195
0.08223325341214749
0.20379181336377794
0.8609106433403911
0.47592892341236026
0.2077698343164589
0.6557211934540049
0.366853401846684
0.3004395919503464
0.9510506574985682
0.31164905927645425
0.3884903443446135
0.1412429490042847
0.03996960794713378
0.45656079549620177
0.04964159084648012
0.4030138517320685
0.3312503584627642
0.20001959945424086
0.09951011369947793
0.3293328264150065
0.6535357188936254
0.20858277733129915
0.8854462053360079
0.9169763597023733
0.9541191388974292
0.138803428035579
0.9081235663961078
0.23014823514940652
0.7839215602334678
0.22668323103231725
0.1477521399075149
0.8957671939553957
0.43267142914606394
0.794842192671164
0.237189157706981
0.34525989438667204
0.7451669322119765
0.6025715025522747
0.6969732606811652
0.23031322200230975
0.2763396741991606
0.9862207914933943
0.31458819750138634
0.04589963872496139
0.23168264190053212
0.4636955589567915
0.528131058967695
0.5558023946419509
0.5009903304929093
0.3654056245558974
0.7395167529548627
0.9509271725312906
0.8086757028192473
0.08174457669242374
0.6012162475050423
0.12227959831894086
0.23043591752020132
0.12882451130505335
0.5762170993649404
0.2658087342135915
0.9482260660425228
0.9592266446306369
0.050458268895388625
0.6277895911734512
0.4343980625754892
0.9349352519496278
0.14295604707221643
0.7301802074936476
0.17963793981102405
0.42311711663678775
0.10286420523332951
0.3056083263198478
0.40171122829233274
0.8950029888732794
0.789916404832275
0.5253391634463177
0.16951471925999873
0.9971560910152658
0.018815212486679167
0.3679041073723318
0.35556067112943834
0.3961111058618606
0.08465673514751548
0.4293191070865928
0.2683776222367551
0.07936336867782368
0.8761634775069647
0.9305673856132788
0.4735900898775517
0.2557389781010275
0.9982739697351446
0.1521608224483928
0.8749011544729439
0.5327735673340663
0.5925526438170141
0.0017917292123724726
0.5981028253428359
0.9059322547396202
0.82406131644809
0.4895727910047819
0.23076154729425846
0.1068939987049411
0.6792931613868081
0.19077629946967145
0.6318701071873609
0.8982732882100616
0.8100052715300547
0.8850860598901749
0.2868300430662668
0.44244841954999803
0.06963042855102419
0.20840122745554368
0.8914812684136727
0.8629978048437437
0.5733011604313186
0.40055003589491034
0.6136543634178825
0.6852016079622559
0.8998354092002254
0.9311547444898359
0.3224476399685563
0.9578914982277822
0.4858950571144728
0.6947737911623914
0.8925676513796797
0.5591436102480072
0.3477901158140605
0.658035939695925
0.9312411946065234
0.2196132159657651
0.18814457694423736
0.046969996124277436
0.4360631476259986
0.6417669815636391
0.19397445673448732
0.8560788028388233
0.37644235204547827
0.7228644558518253
0.8099551397815091
0.47567141142424185
0.29264731549248535
0.20487079238519845
0.43003626555488184
0.18479125292928045
0.10311875290553674
0.11199995043495936
0.5050328332045831
0.8694322469594853
0.07473152264292748
0.513569150450652
0.7534900513096541
0.576559875190561
0.7492926895853571
0.07451240289394401
0.1631570730208015
0.12671767710056614
0.3620574734420797
0.5423247773334176
0.4159023858375134
0.39274874590927633
0.6663175156610857
0.8496973351534325
0.21787212909870401
0.2852434296447217
0.24293515245145836
0.42823089724724106
0.7135404223110049
0.18447448506570185
0.15749847960959273
0.2062596550327166
0.28797632701857345
0.42247917999548923
0.7664894710439931
0.9246400967763796
0.166569730178725
0.7974918761227899
0.7226190356280396
0.797072953826619
0.4939586519532919
0.5252811138994711
0.15466725482164168
0.3598379108576615
0.16169417866004
0.1350593671366579
0.675416409872446
0.25681960487802535
0.018507065737764505
0.8834368411623786
0.18621647592042556
0.8200084613420203
0.7599043954648822
0.6953326641840761
0.7909604305326989
0.7721142944425794
0.6575618406641466
0.9384266506207217
0.546243319044693
0.22700347163409806
0.8178212447268082
0.270087962306196
0.41412991163856183
0.23490542586409546
0.6112905684132872
0.9253789929350734
0.31728834397205685
0.039517520117638316
0.22245642891524608
0.27903449675217096
0.1840063607668625
0.08317834870927965
0.9181665196849916
0.22554012988754168
0.1767993761613138
0.33888717157216275
0.29083517105433987
0.20757029219464174
0.7537060053741811
0.03208683041082927
0.47285491704166016
0.880304366861977
0.7861153392055474
0.974268076168797
0.6570692030972499
0.4826546790168875
0.02193546022330395
0.1845877898994559
0.7623079490212595
0.9808804294437967
0.5953606992432121
0.9132244131127127
0.49008431355188875
0.28659027853455366
0.6452125844015297
0.8750327853649379
0.6164349426317174
0.5581950704330129
0.055510391102577716
0.3921751934592733
0.650346026262196
0.58277412655359
0.13175056639299443
0.7689943089391986
0.2139585218052099
0.23941671297204548
0.13876772426945716
0.6818698424598103
0.7258402977877132
0.8171041336863254
0.7472250010923703
0.5301744547377121
0.7252711126692738
0.4740611341128588
0.19216466055003345
0.0076131703762968295
0.9917826230873578
0.06434477530860061
0.4390142597051444
0.5868561572574137
0.9824702173386152
0.7982610356020403
0.6677726233015028
0.29306449962775205
0.015681936228935656
0.26800363592391463
0.3415616044451122
0.8311459679265626
0.15304283851353007
0.6986764578266513
0.9428310207771715
0.33599863551066134
0.1635524718267053
0.03752465675559957
0.7473434159217134
0.46366614993608035
0.6607051769581571
0.1521472968253711
0.1435799015216601
0.9206629114050184
0.638880047846515
0.4609340261519771
0.3045981322394421
0.872824703884974
0.4538485076234978
0.9018476012336429
0.37158527625569526
0.2618141536294343
0.18950455536582667
0.31241680297100816
0.34287539977367554
0.5328409846375305
0.6112443504741772
0.1371244588580347
0.9053441739875395
0.38210295771988023
0.8888441967722867
0.769163252799215
0.9312749840979403
0.0902831986607745
0.5287430323068655
0.9970986513132538
0.2904893533555879
0.091591055184859
0.306201540079448
0.6820970293990892
0.9997085633956807
0.8932944474441835
0.7683887488201087
0.5809142889259851
0.8892160855688297
0.9438010819510563
0.1639625072618074
0.8830155832313807
0.4445006271451263
0.04890634083796952
0.2668001075613746
0.4026295398439199
0.1837127697043901
0.1153832830007282
0.14419270385217142
0.5345720899825668
0.2957245042218438
0.21475980571835906
0.0972812145391243
0.8947817776523053
0.18784718041130688
0.01873220762869021
0.6013698266999318
0.9894884976888132
0.2405565173513481
0.11317863586699828
0.20555671871414605
0.3542797426208406
0.3559590247024479
0.06080277055095329
0.09243450898416616
0.40838817975590713
0.5353016220251272
0.5517874832477485
0.5728387910211137
0.6129291219600717
0.8917311007426768
0.008214765871788487
0.22396228045828082
0.92824525022262
0.06491414873698054
0.10662740251529723
0.04034758220762891
0.38124864132331315
0.21918669095213283
0.2778707099757991
0.5246373184524417
0.9442614534093582
0.7523189305081109
0.19268999322122782
0.4661367610907934
0.29047675280720486
0.24062218658191736
0.07561468450334874
0.28599438517357123
0.9137885166285642
0.46304779740646473
0.8515118966768405
0.31883195505157513
0.01374287664271534
0.6729591128019738
0.6133684553341651
0.23157019219144415
0.5132627597818481
0.5854629229787749
0.33395437779222203
0.5981920329128794
0.6768395519531253
0.6112725976722819
0.9039242713916497
0.29167724500697356
0.8900063011059287
0.6489670773166439
0.7958779731961966
0.482397607441995
0.8534272601166838
0.33802969462038435
0.4794450403574041
0.9622032998847146
0.3381869591686608
0.35683406031731413
0.26287642418617774
0.4115390360832216
0.18145734605478236
0.9181779022319807
0.4652518908157053
0.03852184091758937
0.6976174647513732
0.6516544754648448
0.12727811468557382
0.22464422695969588
0.5903568753538573
0.3332082312225052
0.8073212158307034
0.6584643408242067
0.7007115572168099
0.3995286243107027
0.15148878841489588
0.3746016487248688
0.42775018699551626
0.049799910272388836
0.6341882865818833
0.6442040628947031
0.5970900360402409
0.6348840189380532
0.6228735459091932
0.8789904795983746
0.3307611713135892
0.07674716224263389
0.022281148334991174
0.7851207322758181
0.8919814890250453
0.3465676331317046
0.9872995206060963
0.168231952764621
0.3034591770388645
0.6702198953151574
0.20293836889592454
0.35345998454476135
0.35171483629951483
0.5064111312354689
0.7134914246663083
0.8095205212546042
0.3787300990435015
0.3113135011831969
0.014795232041582396
0.2623564413303803
0.4717088547802408
0.29574706741002765
0.36409200713260703
0.2968352410509184
0.9294365950070458
0.4568823251885693
0.512994725884422
0.7710124593556452
0.07078615431942492
0.4432126505046843
0.1725824147516577
0.44610776543394015
0.8522674201636873
0.3653798667597934
0.21236004534318642
0.005827421809028954
0.05472032475244104
0.9989636433307899
0.575528356098335
0.420030210283474
0.7373779522195467
0.10489080073078783
0.2908632341145251
0.5371864322094593
0.6458186239164535
0.8796380653744611
0.8833997815260712
0.5872449990367288
0.6668600575091337
0.23688452919447422
0.12185730293153851
0.2783828044292542
0.9289193564374852
0.938738288709542
0.21188499492025215
0.31413365804366344
0.8614721346854096
0.34801923719438677
0.18018890606446403
0.6444803038951497
0.925020781365855
0.5544775079411379
0.1987755867141645
0.07716944719648011
0.04225703426097582
0.2482105061751524
0.901214538380979
0.709043607984353
0.2377764510850644
0.5533307403324625
0.0823961586735159
0.5746805766610603
0.48419604496972724
0.9614199037775547
0.33934666942744174
0.7454291355062973
0.2493037162765166
0.041327737583167656
0.9494961838038054
0.6818884279490637
0.5661957544350441
0.6509484293016778
0.39266584678497163
0.5235391315698045
0.14481627529709062
0.5184657689466698
0.43047219236779
0.03990137803217653
0.9943104353982937
0.1362580308586534
0.9073070572782581
0.34274333134583534
0.7900254247036448
0.7287040676511556
0.32398064919704084
0.18418773853199766
0.811859118290988
0.7863373111162436
0.44120483321350534
0.43379330664832105
0.8262988674440923
0.42103008228389915
0.5224341765946335
0.39655309923467486
0.5288865789172145
0.11834178337109014
0.44786387987405885
0.31086410044303825
0.4631469261894273
0.935395856570143
0.7946210255394233
0.8831378734524652
0.4596658389469368
0.7266492994250255
0.489928094403855
0.9507066978486719
0.9122814992587279
0.8842652151160101
0.5270333597257536
0.4724766147713304
0.22321887644935579
0.025738000295926322
0.5619861930143774
0.644086507857438
0.6514117079960529
0.09735739836176527
0.8011226242884959
0.7680016571081136
0.8406944837759978
0.7939776976995468
0.9131424317057696
0.5913101378494939
0.6060108478777063
0.37069835984242516
0.6256736107087617
0.001979239479020123
0.3645882179929113
0.041744477700008886
0.1082412368852883
0.0810836088815653
0.17530623517730481
0.3848661660716426
0.4367308739641069
0.4080642605809709
0.7767782501902246
0.2536996389557228
0.040211677259904155
0.8344900679610375
0.4170127843268582
0.11584615567818224
0.6441245224985875
0.2386551877185843
0.6109847425091961
0.005653316409553688
0.8668611905817786
0.1377942260761098
0.5203922477869186
0.4318787302367012
0.8058724285275453
0.27899493224844574
0.19954682573024418
0.9978643373925813
0.7104292733549008
0.44104639122112943
0.5386713581357444
0.5735478327417195
0.21555366054847958
0.5657282601217334
0.9691758067704406
0.442271479171757
0.8658502518602058
0.30430211756385717
0.13025396814573442
0.6020928774934275
0.4019744950217037
0.8200584515218041
0.5541415753690189
0.5801274325425039
0.7909785149757376
0.10795165361841086
0.46794084840536054
0.1932726866400304
0.8166477999481672
0.5737237228012604
0.18699812341142652
0.273788486076012
0.5742549860355144
0.05948817727791811
0.599061366813019
0.6880511690009541
0.8355577534500378
0.01569151113201528
0.7981708742971686
0.8071254266783704
0.11976508252865414
0.26204992061235666
0.29298852207968074
0.2703872137708383
0.410772599192876
0.24967121370530876
0.6298737462137227
0.4452646712002939
0.3490378942972914
0.5104014240966583
0.9200384405069543
0.3806947073124859
0.2214860114912286
0.02138370704730852
0.9297807733606781
0.20682164375657597
0.5358993745830248
0.977728308188421
0.4451216286922318
0.0979490834344725
0.12291525286220539
0.5637084699805491
0.5945561919366061
0.1894697218367145
0.8503151086765723
0.04945085940558791
0.19753260105741877
0.14595924007672711
0.89121182154802
0.9162156192106302
0.9676347373848619
0.8438605526380113
0.6076415165703466
0.7076873557092167
0.10261452102237856
0.846182287356695
0.5671779250043973
0.9976013575798474
0.9487559506945731
0.8506131451151471
0.17523761881434607
0.622025376305342
0.7648141822414881
0.8986695689856585
0.5455338121052511
0.13881484978582548
0.41460754227828467
0.4136189208428708
0.5189158695599421
0.8201901846130748
0.1540130476266235
0.9054334306799918
0.9806209774018427
0.762660041278397
0.05292346815654769
0.8187296620658429
0.3850386790855238
0.29199248651428056
0.6259805558181516
0.7982408999235269
0.9399925163030488
0.553541586331196
0.25577408169401283
0.45147106341361665
0.14441904365592362
0.47190924917711374
0.407091925830917
0.23048496041858013
0.25835567896909384
0.7501255579617246
0.4411617083094449
0.27988018481283017
0.4965317289677197
0.4666148073200064
0.751312845772615
0.6152903184689014
0.4726089701909002
0.6717491564360317
0.090176498237724
0.3209447107890404
0.6408978296439383
0.16238918883498443
0.247349139433111
0.9538986166855824
0.16462802800589948
0.892966973498938
0.8605850524781241
0.33101874338506165
0.5032270289116176
0.27770584980032786
0.1264440000553475
0.7012150939477468
0.9426102778020302
0.8086490341506836
0.8177642408077141
0.04207802173522501
0.5251483480083832
0.6126726582132697
0.14760300234310053
0.7488739126526452
0.06817043360387853
0.849029738424752
0.569654948528423
0.3381577112458857
0.6491868979917156
0.22911393030145233
0.6201220664570066
0.6977797511238517
0.1162258771121284
0.7568315141433544
0.5149268649218377
0.2133103171052132
0.056805728871905714
0.7890358011569277
0.4598190832187813
0.921186296316309
0.4646312005666303
0.6529984789380363
0.6451535541307584
0.9135668863199586
0.19961240252461976
0.15088332455623477
0.5643176322786893
0.5328193249085202
0.6262283129912594
0.21384065218123638
0.8159099671089042
0.4896239154617804
0.25001874963556736
0.6947193039439445
0.6735500408319971
0.5121531425170753
0.8942158391121457
0.755707568276914
0.3789066109645087
0.6421961736191943
0.47220466960863505
0.15397924771707916
0.7342951437778207
0.21245135511328261
0.8917438178899771
0.8116696123348824
0.33402009402273647
0.8691448322367012
0.48214315163939525
0.6019514324812058
0.23424005634302758
0.3734244173160075
0.07711674651199063
0.8077753666482573
0.425243850302085
0.8322945298711474
0.3903161158477866
0.8545992761573363
0.8450883756198566
0.6850508050101641
0.6277737876465429
0.6015189030239826
0.5433455479007667
0.8790512478375806
0.25789439797809455
0.30814674057211755
0.6669341164551188
0.5026347287281383
0.506098561744394
0.0045499416971575
0.3705295391215143
0.3096795536655076
0.5213686799856168
0.9547539993087846
0.298390037763269
0.4854823721501509
0.06178790211151752
0.9791778061260221
0.07561464387572359
0.8849324516569035
0.9429682490210616
0.4435620345117782
0.7379700037738643
0.5891691016172281
0.22311514356412432
0.8483340170802741
0.7440707742525432
0.24392727108910306
0.8536914310374355
0.7742962831302237
0.7243375364234315
0.45606295001010067
0.8064100510396308
0.2925121187637518
0.34766877111273153
0.6064647127082043
0.9847638734069346
0.8466348354449452
0.5701618174925925
0.6252382747721874
0.9165892406597832
0.6687460331843194
0.8369487290464374
0.584733687036435
0.6409556870780374
0.5243466308348901
0.004422345467737343
0.3031367671590227
0.1273161842531112
0.5503073234719134
0.9844780599897411
0.401800372298471
0.7152452364087698
0.7908151811641942
0.24557946000647313
0.3996718660978269
0.1444591630527705
0.4633460356952922
0.5889420195315526
0.7362300822856562
0.5435027068322467
0.9535065747780617
0.6209556767774719
0.5504158585614073
0.6806270891618375
0.29793140178849264
0.5714350243379953
0.8790386272426647
0.8771121272568695
0.21905692227245988
0.09950180343112625
0.7619051317980007
0.39297912574460236
0.6574183724119853
0.6146709667805331
0.4013844121567782
0.870470443392357
0.80852977460524
0.34139380588982393
0.7056652544695854
0.39478155916544266
0.6140185597589015
0.005744353825115622
0.8857798005892725
0.04183810673689414
0.8303719320580708
0.15617911424376163
0.8108600253126051
0.024890930596255023
0.3031557104346271
0.09822412124315627
0.3603074676046558
0.22454241369001027
0.06339805454683789
0.7859223510239122
0.3366783930589331
0.2234356506666626
0.9258478566451451
0.02767025600284767
0.05777825856040253
0.653006183183532
0.06184323742474607
0.5071943540094664
0.05324949430435999
0.16976462386832258
0.3139419462357539
0.10391746871552399
0.3761185544053519
0.641216367443537
0.05042760661352086
0.7895230431112717
0.8150082484628899
0.6078084884555761
0.9581485019991851
0.5487367955082897
0.7202248804799167
0.10515901495648938
0.8662640794225168
0.16249785995183574
0.8746019557689768
0.8150827610093341
0.42994024046420265
0.7671873748181536
0.3362491256854877
0.8006609357434044
0.33182193004511906
0.4984151234760813
0.45105809581563927
0.01816948249276662
0.8127956764536152
0.35701376286719966
0.1913919066789852
0.45729664272172477
0.05376577875100019
0.7171126667071632
0.9773897575108312
0.9816516792822005
0.7921064363048141
0.00010727504706264934
0.2220769777835695
0.9991965828887587
0.6598350480384457
0.2941466512748375
0.40744217690292506
0.13816245441855401
0.570796925159041
0.3082856201120756
0.259837210193005
0.633007791901495
0.13405470706204092
0.456427908464099
0.5722173868082719
0.7699726250396987
0.7768936806528077
0.41407295407159095
0.21586010262927224
0.12269513981655111
0.4283001701366671
0.3404089514426365
0.2743819025537011
0.5034496634745811
0.3343113383689399
0.37221514474412865
0.7455820415875748
0.2985299249492337
0.637220683675705
0.48996391333337186
0.8801051441340386
0.012979025111838904
0.8788540596551829
0.8227303706580885
0.7105906157583233
0.6233428452226031
0.08147381251416463
0.5660862627627113
0.2679575789974815
0.28973517736160515
0.6777161105368467
0.3212354062776862
0.8870601769071961
0.25487747233367564
0.8581301379657251
0.8884257833407465
0.4861324191366909
0.8042935516178199
0.829173167880015
0.5843639710555553
0.8509422672873411
0.16349744719243098
0.5848932213403302
0.08549269915649149
0.3027683151795032
0.9801377740623842
0.8311840116983331
0.3868691685569139
0.8372749230768052
0.5338570846337581
0.45827261645424067
0.3734209301729652
0.20185173956358926
0.5673438780121131
0.04310395007454315
0.3758578394388912
0.5191590764696398
0.8953407651498201
0.07200517480725876
0.1777348497704072
0.25321204535863984
0.34922253612297693
0.48746042064265127
0.17087726951086202
0.31291424181323435
0.7652844701684798
0.31883649503677414
0.01946462507178892
0.7913846308185575
0.19147947578576596
0.24495314811107183
0.2902410419136562
0.944400859709017
0.3935236435050127
0.18493361635867522
0.3437782957544231
0.8151819466225708
0.5766388955472185
0.3591287746134263
0.8993193776061519
0.4149549501344455
0.09555280762492524
0.8511278908106109
0.01349749596089278
0.8593908150000736
0.8369879643754223
0.9830889354137797
0.6120489705164088
0.07387184617599707
0.3012132734706999
0.7442751057365241
0.07745787364182732
0.7661495954123316
0.22869293612555008
0.05332809854710807
0.2164390264680982
0.9607151141736131
0.1995433651121734
0.26114167380268716
0.5941067887026183
0.9023593734488385
0.8851867034493788
0.5055720609571925
0.719783945739262
0.7500666706691248
0.9935882229613091
0.7501672643241628
0.03460511444702741
0.08584433861690921
0.12948252941945237
0.14977561195581923
0.5876432163409944
0.5130657042729408
0.8340114090210009
0.3340972844788468
0.8065163481145307
0.5650835567557447
0.0707162292804453
0.7374475782202441
0.2934280020232236
0.03646633644892361
0.6008862559591794
0.9925360361433123
0.9011958258107946
0.0817476777754339
0.5749801775273514
0.9147234063609795
0.4628855303791113
0.6089361106995693
0.6494865617235044
0.7819192019512937
0.30266526539124106
0.6562944765083677
0.8303646225297354
0.5063099313958417
0.6418718731943864
0.5192368337004487
0.9814354234309364
0.41781247832469537
0.3020253631666945
0.7430016361599704
0.9460584320836468
0.329667049290714
0.29665602945813385
0.9154154041020564
0.45743482514978884
0.6566203900711528
0.33533071491748745
0.9001656671800131
0.613148167288796
0.9050082999211667
0.20897091225842412
0.7249526358078182
0.4086954661840245
0.12838638066478691
0.37946221644582556
0.03944840586495357
0.6525905226441642
0.030451944708058898
0.9774444484285807
0.615531434073685
0.387490547573756
0.8289554811141004
0.6436558131818714
0.5134678441199035
0.9099290236760043
0.8190743721197656
0.044920949012962286
0.21525309285586824
0.5877554471571028
0.9433433864156245
0.7570013323991593
0.604685241125078
0.8622315745682148
0.6033005272554592
0.023030428312301843
0.29728793112883556
0.9470364422276125
0.7783188076760178
0.9863969141829052
0.35444939294317457
0.5987096716056052
0.1988106816760986
0.5789660409264721
0.27315356680161773
