9.351980447980495
0.0
8.63553349659292
0.05431368632858358
9.847131398980256
0.1238731027652161
10.749581078011134
0.20285173080956873
11.35836926614742
0.2858130097117594
8.785053405547124
0.2763579655043895
9.907382105902823
0.3740509545376399
9.883190131739795
0.43540187769447775
9.679683946711577
0.4874524518887728
10.330298061644738
0.5853746867195524
9.686631106927013
0.6100428250634231
9.829940794010975
0.6811639462369937
8.935574623176738
0.6756843046337736
10.570946872046141
0.8662453557821694
9.848125067933433
0.8694015431865365
10.64361282669229
1.0071307589871041
11.894627277951942
1.2010322442630352
9.592988255469093
1.0296191497653382
8.403892648541035
0.955494841957067
8.909817203690402
1.0698206335100064
8.294614961429307
1.0489135961555593
11.387490359442056
1.512855431343323
10.142593566324571
1.4124405425468167
11.287041827096312
1.6442451362251784
10.03068532262436
1.5257112937386743
10.48652138798654
1.662592093780285
9.426884779669447
1.5554333306130261
7.232873954681527
1.24020079099016
9.194211255171814
1.6360978226631335
10.603655508107302
1.955787834461604
8.96475514944117
1.7118716293676823
9.263677208787081
1.8294141269939097
9.648664071920534
1.968573245126121
8.946543993971826
1.884010287847216
11.261447988361345
2.4455635930908546
9.671268065958706
2.1640199689921027
10.690125349350522
2.4626990611269495
7.853931281281145
1.8614159078857757
11.302640645738052
2.7539688635720303
8.110715219874958
2.0303578341048634
9.857897347666789
2.5337215482843414
9.044047544385247
2.3852812102526797
10.55742830224215
2.8555593265371857
8.321494301207979
2.307050089919166
9.929710563866402
2.8202830362198172
10.399176975924144
3.02443213001548
7.572386436945629
2.254056019806623
10.522618489843342
3.2044272057744694
9.765617274647244
3.04114573444079
7.864001938798045
2.503321147869278
8.904771792592378
2.8964320165481787
7.925274558712175
2.6330666609369975
9.228799894717014
3.13073266643312
8.768623648301201
3.0362537736793436
9.358413879567058
3.3065379747477146
9.640200667093827
3.4744532553878242
11.44860631478815
4.207771093429127
9.42607189379708
3.531867785999113
6.960817126543926
2.65820299785634
8.575676819515726
3.3368388853496076
9.428520188459265
3.737131618370019
9.332951986291295
3.767343736239804
8.1763847859533
3.360440767550868
9.207600459110736
3.852133048865746
10.379148809370264
4.419175828978925
9.279994266062108
4.020317163855122
10.071107228296505
4.438483100484522
8.63458989536282
3.870425246848986
8.58750397923597
3.9143664147694937
9.22750727738076
4.276390471914832
9.136354159826826
4.304156030543055
8.154584789505048
3.9045002356016183
9.90831301170202
4.82104109666353
8.916623169475479
4.408090860892462
9.313062510345127
4.677195786275093
9.318828930115279
4.753718839733268
9.345702273338643
4.841742176932352
8.68549629962592
4.56922474322479
10.271688559627533
5.486439054131494
8.433820597026543
4.573183099122893
8.120863686245082
4.469805077340878
8.073317095229418
4.510025517102497
8.206669395154258
4.652483672154409
9.70346961461452
5.581975985854649
7.628874288930467
4.452645625667795
8.371564043517827
4.9569718771845155
7.117518623477315
4.275113607881675
10.697988158375555
6.5176184682233025
8.214789403672375
5.075877314147405
8.770970104710255
5.496063387879497
8.727252853858662
5.545415229998246
8.393970553519758
5.408050598106362
7.156504989287152
4.674733069012077
8.934731665158184
5.916800853407137
9.538051300934892
6.402993314554722
8.947473792264097
6.088515334063005
8.443427653930337
5.823555002312917
9.432653324680727
6.593769337949631
8.636272128288939
6.118287966794498
7.549598684245508
5.4200784200785606
8.238805475640257
5.993763227595113
7.4445431113017415
5.487867847983406
8.159362647031688
6.094383965618016
9.204954559565586
6.9659763498487965
8.874423264218159
6.80404370147245
6.089656673106695
4.730066488565174
7.3064255867740355
5.749217943604003
9.062936097815975
7.2241205399406345
7.741633643072754
6.250932607300815
6.172401652567107
5.048325678246792
7.8757411271423114
6.524562739063551
8.338146486535997
6.996535641554488
7.998397869454794
6.797634046625864
8.061406172324052
6.938977026137788
6.357575186091913
5.54237058818965
6.964499176785735
6.148990311481863
7.294021591729357
6.522020740322163
7.275984737224676
6.588709680098778
7.036362187355342
6.452728252700465
7.162051303822522
6.651402579764674
8.507863699664075
8.001508036923724
7.917447731742435
7.5406331828604705
7.448592696693034
7.183974267888427
7.6224908891700665
7.444797655615419
7.358766066160046
7.278213702204856
7.100845194107294
7.112019127876013
6.339492003426604
6.429844987128425
8.150594657840676
8.371426836610873
6.86859259304508
7.14404089074329
7.672240783433243
8.081036857268572
6.15036483282514
6.560213969705712
6.310196899332262
6.816112435916237
6.475105992480883
7.083089777370708
5.917467408662801
6.5554116667887055
5.4553075688134
6.120383727667342
7.870162763474423
8.942241946319012
7.370237192890117
8.481180972261413
6.945724794821629
8.094953840035487
6.789890435065426
8.014790939901797
5.739821137256168
6.862336762732318
5.728549687273311
6.93705480217435
8.442769832707086
10.35584740707789
6.306540306011649
7.835677445213188
6.6718592978461535
8.397158055016785
6.718528471139707
8.565960246325679
6.077496212804422
7.849832551370868
6.2822228447484045
8.220556164145151
6.434208013440795
8.530107654318302
6.098510163794264
8.191720778366411
6.311005144687562
8.58941078506844
5.674750966878613
7.826140624537611
5.605219474338071
7.833450561967242
5.905357915673579
8.363558774353189
6.2727935698078126
9.003599824419823
6.248883112451669
9.090650186008606
7.027689730566588
10.362647457468148
5.10129255184881
7.6248872840648065
5.916272642548288
8.96452174016654
6.041514499755718
9.280737260589893
5.334776697251564
8.308906551919142
4.23283436712222
6.684739261986934
5.634215453741102
9.022942262331657
5.49189405766353
8.919402720703282
4.7145471343748975
7.765891241464429
5.423208059254927
9.061197029758517
5.400484441732146
9.153386935352467
5.220681030903056
8.977169658374104
4.776741864403575
8.333975272718787
5.404035698505644
9.567389629391814
4.611014692996855
8.284664870479785
4.318689537221919
7.875601858222544
5.401098481209483
9.998138863550992
4.784909373125555
8.99228257638617
4.27376230174114
8.154955019504973
4.893459950776259
9.482002379038141
4.865270377094577
9.574668609966311
4.97256646855591
9.940133636223784
4.366030790955711
8.866610530774725
4.400968658039272
9.081237216921318
4.437318536701051
9.304914331170698
4.181095401763685
8.91145305189247
4.308159873755629
9.334503018897506
4.34904808564399
9.581015502523213
3.9529099237917014
8.85588652877575
4.498312391258899
10.25050694632857
3.425917236178012
7.942168868041625
3.7455609184855105
8.835574174589008
4.592628349356223
11.026238967483216
3.0359108195284454
7.419922218165556
3.9423360672013597
9.810880584530924
3.720096160138156
9.428794120400866
3.795236305748987
9.799324813342015
3.5892923099426897
9.443510720378304
4.161151708306683
11.158915176645671
2.8558213021907646
7.808082817705594
3.485064228367106
9.717516140025996
3.6843609648496116
10.480189627086164
3.3813301421851825
9.815082062466626
3.2058129851601005
9.499192196282367
2.914669719274066
8.8191937433632
3.202117711712358
9.897449928863834
2.7464369771681385
8.674900663444049
2.702453881989151
8.726331947385008
2.443064809050542
8.067974407689624
2.5899219256982944
8.751008589052558
2.6385600870773365
9.125885603282402
2.223759620913113
7.876560111683171
2.5296390874940577
9.180413780591598
2.3121151348348974
8.601874813599123
2.4777232077516596
9.454814905527504
2.7443423783840695
10.747418789841358
1.5918397936273132
6.401670545020947
2.6912382465871625
11.121185105097785
2.3017458798044035
9.78033488941188
2.1239621804749387
9.286453759299784
2.1311596539965745
9.595188769323173
1.8925827611234798
8.781614789703152
2.3397390554064623
11.197939952080098
1.9946188002003609
9.855411734344356
1.5953401904669324
8.145753233077617
2.090131644411558
11.039823592926966
1.6960651119203332
9.27727662883922
1.717110737751737
9.738218909281775
1.707748123110128
10.054504577024481
1.4452906893992388
8.845922507938603
1.2510127838093397
7.9715786421776835
1.2573631902030304
8.354793144652728
1.5848980922924982
11.00088137854999
1.2835596679037011
9.324413430335836
1.0760303972409333
8.198163630852108
1.1831443139148452
9.475768840951643
1.1908710426607516
10.051463266739473
0.9742367042706929
8.690450071608547
1.028155464107512
9.723413883422904
1.0684809446729364
10.75097973692378
0.9924728480814952
10.66752936091505
0.8183625021056018
9.439393200650855
0.8851502175148757
11.014381035493495
0.6916587610153387
9.342175186787127
0.5712994836988682
8.436814645037432
0.5353937404779304
8.719858484045231
0.5012033301673148
9.098143175559386
0.46593823563475384
9.551424067124142
0.428781953406073
10.093861015092719
0.37473022199323497
10.35731307890247
0.29069652229296783
9.72753080048884
0.23072961409476186
9.780862463884633
0.16497205061943937
9.537180208475915
0.12572872510893177
11.422588853226939
0.04543852206212317
9.632640057229482
-0.013264421429750657
8.435941606057154
-0.08894799798433066
11.313652535648677
-0.13382318215182956
9.455956430674604
-0.19006926665692936
9.297231940712951
-0.23272970832825732
8.70452470610271
-0.3750934029314349
11.355541914199273
-0.46314891527005375
11.776126991130242
-0.40617569251693486
8.901442603513551
-0.5252286941189394
10.113235218199716
-0.5770190936351547
9.907035233368552
-0.6150095980448923
9.526676543429685
-0.7823382505937213
11.038296353798376
-0.6706810767507623
8.68770476576237
-0.8415889048000261
10.075410417272902
-0.817940030121968
9.101797941463168
-1.1705588876186725
12.16674482951759
-1.179240303660942
11.49790481974393
-1.0406021471153342
9.55372070320172
-1.274225944178361
11.052385276976556
-0.9671918215166333
7.949470001485867
-1.2600546143145
9.83994783471493
-1.2961445120840185
9.640141102443248
-1.430222025632806
10.153389536271993
-1.617238201467704
10.980587226781388
-1.5154020026762305
9.858612008010065
-1.528708775034301
9.54500881663636
-1.659376473863058
9.959327423116784
-1.6735638122706789
9.66895842235474
-1.353017935109098
7.534711416536693
-1.841061152457263
9.89440069285367
-1.8321550850880601
9.513440859431794
-1.9084641140942469
9.584651277456377
-2.0910827677197705
10.167479954352647
-2.0077754002921293
9.460468593280085
-2.0635229739946364
9.43068140589189
-1.9972788886340338
8.860676495222412
-2.120151415696372
9.137488388731006
-2.135555036415106
8.947893868008231
-2.7210595225284115
11.091720808581298
-2.9398919815950024
11.666151530586584
-2.658954420611178
10.278080349745355
-2.3509704171504264
8.85745149920028
-2.92389461848242
10.743024339746324
-3.203836732537455
11.486009286661922
-2.6046028144412956
9.115778552861478
-3.3086049744386505
11.309925450951923
-3.1057708148462817
10.37399697400001
-2.766069734578392
9.032165957049294
-3.668578478857857
11.715485167509218
-2.9596144392680994
9.247084782336202
-3.5222023544729577
10.771029788906437
-3.2116644870431137
9.616237235490596
-3.3046927839352573
9.691484312161558
-3.485730149295184
10.01573801669007
-3.530120958032224
9.941422971251129
-3.4871132864886776
9.627840809758002
-3.660356763589222
9.911031799141305
-2.7370605885135335
7.270028316229245
-3.9520538509979204
10.300292844194228
-2.825555748581732
7.228027806039959
-3.139297308847201
7.884014423972136
-3.311408185017009
8.166432082089896
-3.61160704599068
8.74835660252096
-3.7966843996253545
9.03513654745305
-4.148111590707746
9.700165887015702
-4.046862819804702
9.30114759955565
-3.954475558419515
8.93477832440444
-4.244808663666569
9.43005411216145
-4.608239711930832
10.067777827519457
-4.107790906221366
8.827298139516277
-3.8105648801906935
8.055738368916137
-4.286110417582442
8.915563923526562
-5.003102615902274
10.241527030782512
-4.15684891240236
8.375240425851965
-4.899672131273646
9.717919925879082
-4.45293526168636
8.695391733781795
-5.004695576806274
9.623164734527258
-4.514795926415365
8.549382352674982
-3.9606073088606735
7.387059210547125
-4.325585333415818
7.947356397020747
-5.092604208171297
9.218041257379726
-5.206383693127536
9.28553348783284
-4.856521794947253
8.535269677958004
-5.637702513025069
9.764787190518165
-4.353923734220584
7.432860520251684
-4.721655726932108
7.945627478404914
-4.194073665258048
6.957788757349366
-4.777514426033975
7.814110298841667
-5.119722200916489
8.2566868216177
-5.873314419062448
9.340338841163112
-5.861877745727462
9.193328124107094
-5.489860249714937
8.49159340859142
-5.125729529294506
7.820047850904377
-5.820045772903274
8.758677916711193
-5.054934125796241
7.504424846050377
-5.947264861517982
8.710418456649458
-5.507249558385677
7.958022594805272
-5.703061874284324
8.131203173131214
-5.748851523708361
8.087803913919801
-5.634861573442339
7.82277589967673
-5.72125399863912
7.838287369525545
-6.7481547534850375
9.12410755618126
-6.274228372791517
8.372653259191996
-6.411130331048447
8.444146458000164
-6.018592836925044
7.824460175789832
-6.439860817752296
8.264052035150717
-6.272123436703547
7.945224255883898
-5.081201388666627
6.354038395733181
-5.593101399460933
6.904684880558015
-6.510092170595618
7.9341601126824814
-7.137895338651266
8.58856494906374
-7.350814370102296
8.732437714830208
-7.128019120940559
8.360467854267656
-7.168102916133115
8.301160073926594
-6.547354032988651
7.486579547910817
-7.233265399556946
8.166658661288487
-7.990769661184239
8.908394144824078
-6.79623676450865
7.48148224827228
-7.8419878532307585
8.524330802811626
-6.490821309401665
6.967139775932392
-4.9635112762653355
5.2610145942450135
-6.750852649025035
7.065920638726691
-5.572536969656529
5.759646867237028
-7.579872507903429
7.736416505564105
-5.679066858678958
5.723891225375138
-6.16194488387867
6.132946676203228
-8.317995503069708
8.17535697598067
-6.366442029854333
6.179030068456908
-6.741595188031217
6.46129562250723
-7.054389412164557
6.676469503397881
-6.8103988319427105
6.364828313822343
-8.342032046809528
7.69853422330845
-6.826583194436774
6.220940976718645
-7.0051064032248815
6.303438373891166
-7.348753786070661
6.529489772421196
-7.2838184709324985
6.390270432991015
-7.834997013136621
6.787102949619076
-7.55169146411132
6.459000435764698
-7.246353313539146
6.119347816052009
-9.423495428908858
7.856884615888707
-8.85533905149508
7.2892608269544334
-8.125302357281178
6.603041971829839
-8.748811792016507
7.018837083800244
-8.155554003880624
6.459002923778417
-5.674599121500717
4.436357227834438
-6.849479915527844
5.285798704080751
-8.920128300338373
6.794651827071952
-8.123592856052516
6.107559351779531
-8.650299675830848
6.418794280873107
-8.187953575408592
5.996235605366723
-7.685455039358595
5.55432253243045
-9.390080572595213
6.6967656048691815
-7.693975023620972
5.414467875879893
-7.315659702094311
5.079740775942785
-7.550361949389595
5.172631272569648
-8.419693450530543
5.690719527054437
-9.041704097218199
6.028629330167789
-8.794032339112913
5.783926058257199
-7.82398938259337
5.075712599488654
-10.403035434384241
6.656245822973264
-7.700716169218893
4.859213285426083
-9.106752598521727
5.666666388947406
-8.52842245515665
5.232682121892433
-7.767187937801344
4.6986363122752195
-8.746100089795554
5.215958974311017
-7.263840635367011
4.270272024888273
-9.697689475368502
5.619313243890732
-8.432273317754056
4.815484351520548
-9.006885913475173
5.068777365941221
-7.45277160833214
4.132670805976782
-9.574519263160848
5.23074837761885
-8.260875648002797
4.445845343209347
-9.660205366609954
5.120845774490894
-8.234911034330723
4.299173822231647
-10.475918493810518
5.385556718481727
-9.265425926670146
4.689816091111483
-9.557803825995743
4.762530901388957
-8.357822589184972
4.099181794503616
-10.13308819144741
4.891058956660703
-8.56423732109172
4.067589050105862
-9.920060289414034
4.635298398322079
-9.964429338089507
4.579898830943095
-8.930232126578982
4.036719438479908
-10.76176829631054
4.7833399051096785
-10.134687758197432
4.428495315092762
-9.184071146941934
3.9445054523842042
-9.39559586039879
3.965547703571942
-9.587239862263772
3.9755807662587026
-8.705567266548591
3.5459714346423374
-8.274100610287379
3.3097059633886956
-8.538979191195192
3.353516076474479
-8.337725631952274
3.214097950583377
-9.09768503356815
3.4414891287705545
-9.650883135719388
3.581532869557851
-8.542452955142473
3.10919860329122
-8.882998164474103
3.170019946218785
-10.13679094882375
3.5457387324576404
-8.960790701916315
3.0712704312458596
-7.973599684117461
2.676993922857735
-10.410782330134229
3.4225282902028433
-10.224063524215309
3.290037187988727
-9.946654209000236
3.1318699047376475
-9.000946475390021
2.771996501419917
-9.707842794225806
2.9229776187378596
-11.839060749283227
3.48361596686004
-9.530839157871434
2.7394125960380697
-9.517716560738794
2.6709500911136517
-10.946561298761235
2.9977855600518177
-10.84942445718964
2.897954396357562
-9.456320556832331
2.4622343687867247
-10.072998044089166
2.5552653051266354
-9.180179276862344
2.2674227786110164
-9.4531058978252
2.271848139400372
-10.181723232176232
2.379320431109767
-9.544895372919338
2.167284437866357
-8.165945015471259
1.8002458584136956
-9.94392883408832
2.1267243777251847
-10.974141750790174
2.2749750059853664
-10.384499037001486
2.0847081246534915
-9.340639267447822
1.8141122093854432
-10.046066684031503
1.8856296140679922
-9.520439043936182
1.7250543555951778
-8.133325847707859
1.4209422343369313
-10.220094721713377
1.719344505115788
-9.36038246076061
1.5142387130324453
-9.220223464257028
1.4321167868280558
-7.98550302829494
1.18894898140254
-9.79718798019916
1.3957608745213128
-10.41347595791599
1.4167949539468911
-9.780902804299995
1.2681281378517721
-8.864310970858586
1.0926452047789876
-11.204098501167282
1.3095712977736
-9.318718566162687
1.0298342938359955
-9.671521806587574
1.0072937009329908
-9.899874107980818
0.9681766603480075
-10.576466368742778
0.967229025640847
-10.914549243545306
0.9289650460543356
-10.643782762111824
0.8385258562903078
-11.56065065331093
0.8376310311778528
-10.763009584359077
0.7118187110738883
-11.084057233356987
0.663061780755936
-12.785598768373255
0.6841768820392637
-9.483654437269871
0.44768614009796065
-7.911544615328522
0.323616799689231
-9.728758100009234
0.3366725827884285
-9.906869489612898
0.28046541813805104
-8.824527334903228
0.19428713099512643
-11.424044469006338
0.1796429038646588
-10.894215400328601
0.10278138889308899
-9.521174707099641
0.029941692809070237
-9.237831734351177
-0.029050650630905204
-8.478664738289856
-0.07999189530748045
-10.543179783296
-0.1657913217492154
-8.721281691540606
-0.19201400076667968
-11.092071157745579
-0.31401870979887225
-10.628372208833273
-0.36780455281144103
-8.962492614396641
-0.3666051723313141
-9.776104009007028
-0.46149153767020024
-10.970066481660126
-0.5870249815559092
-9.559875975324687
-0.5718834046551381
-8.228439258870681
-0.5441932371695304
-9.463545885512868
-0.6856845636461422
-11.102003163045056
-0.8746248318753665
-8.776709200475334
-0.7470080426314191
-10.160287718835878
-0.9291690483282262
-9.91877339373518
-0.9700249512621114
-7.927869265685498
-0.8256914405865167
-9.623849913152087
-1.063555102445348
-8.848530777098523
-1.034244917781402
-8.99417801306494
-1.1086530593535928
-9.955490218116223
-1.2907640045406559
-11.573198019977196
-1.5745797677928473
-10.415437933371273
-1.483840137372678
-10.27440608210305
-1.5297401556982095
-11.3195539511201
-1.7581920108170779
-8.246466861401407
-1.3340394390528392
-7.736157229287557
-1.3014673332359665
-11.08109464782276
-1.9359356409178738
-9.328414864527083
-1.6902605666175257
-8.209290362023298
-1.5408698253734863
-12.112692772042596
-2.3524925026144574
-9.846516359475615
-1.976707068968003
-8.757895086014017
-1.815539919036428
-10.24089431107531
-2.1902368716084784
-9.89562279101852
-2.1815667276969934
-10.85801978512743
-2.465445286400676
-9.676667814416113
-2.2612963356873115
-8.998030449353593
-2.162480665675686
-9.457244201608896
-2.335855355206529
-10.576232185335142
-2.6829231023239184
-11.340935924826615
-2.952950044416646
-9.518402525592165
-2.5424294674969143
-10.350798326897046
-2.834632074174
-9.799611953895123
-2.7500581966377458
-9.775916676572624
-2.809854288591579
-11.263599555043864
-3.3142878548574
-9.374973185786159
-2.8227524259683694
-8.735281122036834
-2.690180279975086
-11.697156445778477
-3.6830447177296297
-9.961750590558385
-3.205626590912746
-11.1074752842915
-3.6515650013332186
-10.490611381420436
-3.5220357213396984
-10.019179899611949
-3.4340285354985793
-9.213420862594498
-3.2227539638395415
-10.17437723067896
-3.630866309372466
-9.026024987885952
-3.2852044293334406
-9.465066072388243
-3.512574421850395
-11.389140201683048
-4.308305029852543
-8.954802000031261
-3.451973838750693
-9.02630489531962
-3.5449036588386074
-9.299566231410061
-3.7199003568747924
-9.715501786498063
-3.9573402574829637
-7.440931983202838
-3.085562320381474
-9.133856175625379
-3.855076667853846
-10.275920884438808
-4.413448601215827
-10.080220857644358
-4.404695231687933
-10.377402585444814
-4.612498850710628
-8.912582216980075
-4.028741176307603
-8.959332568962532
-4.117931430530782
-8.259892759392875
-3.859559978560114
-7.334207076441163
-3.483385534152631
-8.675280542921362
-4.1874014909702355
-8.886616807058772
-4.358534467740771
-10.348279589369566
-5.156414822675087
-10.039172674157989
-5.081458091763436
-9.397986674126672
-4.831403595107048
-10.197814715386741
-5.323940706291123
-9.727821997145869
-5.156689146720005
-9.56239470956512
-5.146298019838602
-9.429172879996871
-5.151342786901304
-7.916400399258229
-4.3897597481534625
-9.495344756373669
-5.343665840255467
-8.585721286575739
-4.903115084632289
-9.00054024857351
-5.215351053407364
-9.857737524644014
-5.795174053684584
-9.057800548804812
-5.401849461473751
-8.744649869237055
-5.289936299051451
-8.843004168979501
-5.425696260022954
-8.573150361800938
-5.334633007434026
-7.8989477734730835
-4.984299007820776
-9.247712203150588
-5.917027401524307
-7.836385381552644
-5.083754344565756
-9.674432601809672
-6.362974420231024
-8.263112954865143
-5.509497389271528
-7.810524717392385
-5.278993325226749
-9.136673906229339
-6.259388025557323
-8.004032191706553
-5.557722796281902
-8.924118913511332
-6.280154930240331
-7.852432278612589
-5.600154119172126
-8.654689013075949
-6.25479349632859
-8.716668293287604
-6.383426127055688
-8.45558708742647
-6.2743114195040235
-6.487645030408714
-4.87760499308836
-7.6776284907543255
-5.84821324266206
-6.830717556228602
-5.271319640605484
-7.0097237305801885
-5.480147208893552
-7.841449595365542
-6.210239775130843
-6.6768014639110405
-5.35654244600786
-7.489365700774159
-6.086246873050761
-8.240981940719308
-6.783553569976764
-7.360127146727247
-6.136541391287322
-8.067335740306834
-6.812645093024582
-7.064886263629208
-6.042633451362673
-8.01350112657373
-6.941732975999016
-6.781174589130859
-5.9492887763202535
-7.2722490317435176
-6.461514027762611
-6.940013685078814
-6.244865682228128
-7.991761281780421
-7.282746553868536
-6.985083028049493
-6.44625918988846
-7.82731348701854
-7.3152113015278
-6.632948538287497
-6.277606189009025
-6.822030191389359
-6.538386328875507
-7.300108446939296
-7.085211706179028
-5.820471021188182
-5.720660506368788
-6.701444646111046
-6.669907544232403
-7.975419145098566
-8.038368414971877
-6.019278942622778
-6.143592641531346
-8.496888055250617
-8.78218932151908
-6.731702895435158
-7.04587714997763
-7.267488171481923
-7.703087432580149
-6.5888719395109945
-7.072385693594675
-6.92742624480999
-7.530191837585052
-7.62912250685367
-8.398345523067823
-6.091472947619986
-6.7909906355491065
-5.5515336059525
-6.267913245553397
-5.500570494098965
-6.289633698663066
-5.313409595480652
-6.153296640196185
-5.383087742006826
-6.3138343570845645
-5.733416331735288
-6.811041401576283
-5.774213986472933
-6.94773592211084
-6.828753246773137
-8.32252757873646
-5.688892421653688
-7.022938918057003
-6.035691028739241
-7.54762695037663
-6.488570760217678
-8.21940931334658
-6.288542145479082
-8.069869984180198
-5.901707017243773
-7.672502988123032
-5.718288308732099
-7.531599183713262
-5.24644329635892
-7.001123955722659
-6.101900090506175
-8.25031356817917
-6.608059123800131
-9.053236646979997
-5.76987405944225
-8.010211279919838
-6.957528130850003
-9.788237357641368
-5.619236218377709
-8.011687822548888
-6.45258149713854
-9.32403531103153
-5.581779258880585
-8.175124903565646
-6.333251259857425
-9.40218149791763
-6.972359661582334
-10.49281311146898
-4.724234168857777
-7.207508130931381
-5.73695895711234
-8.873800178812242
-5.35912614314526
-8.404850327751182
-4.800763096344624
-7.634659208857407
-4.826183995773393
-7.783291403871682
-4.688831956987607
-7.6690611094711905
-4.23777926265324
-7.0302944733811135
-4.898377444548294
-8.243015728783426
-5.376401795586322
-9.178397943292762
-5.301298978842606
-9.18211917746839
-5.476177277849383
-9.62430559240558
-5.59137803904063
-9.972167071201103
-5.000522594592912
-9.051365804445503
-4.940901471888264
-9.077870829715431
-4.290326224673144
-8.002028826064185
-4.8667749416908235
-9.21590266295113
-4.140905493742464
-7.962245676054053
-4.221171005679835
-8.242818121673606
-4.344941758589934
-8.617677869316795
-4.285629073807524
-8.634707352982794
-4.11137447276839
-8.41612815669441
-4.227241998313088
-8.793111372393023
-4.3433249776775975
-9.182021766179252
-4.198621303711228
-9.022485045831159
-3.578292305979651
-7.817616745338715
-4.084837556701479
-9.074670321137958
-3.65870542622453
-8.266512576620112
-4.343268112989973
-9.982393666932541
-4.372895383156395
-10.225812323420339
-3.4146795830005896
-8.126062914593247
-3.602912688342953
-8.72729635422604
-3.9169593068621085
-9.659812490810456
-3.7630347389788654
-9.450465260619735
-3.848098068298935
-9.84378377669399
-4.532620425836227
-11.813431572016778
-3.9373022656208363
-10.45804359638327
-3.5237278209543135
-9.541085948887671
-4.193558740886661
-11.578320710159979
-3.8583039491450095
-10.865642272915279
-4.076326010739231
-11.71272922616763
-4.061971552531322
-11.912312626811184
-2.5966053822538977
-7.7746518864098135
-3.625491105233939
-11.086890747290209
-3.232668358780712
-10.100220484872729
-2.8058246806168468
-8.96030918183652
-2.8026343075356994
-9.151561822948992
-2.506478145002327
-8.372220051574603
-2.39684193291977
-8.193212483348013
-1.9320495464315937
-6.761927661590407
-2.6980698200680604
-9.672794713487068
-2.727095383164817
-10.0199411746773
-2.4675218165494908
-9.296567346771168
-2.3780831064208967
-9.192383689129857
-2.4658535071486707
-9.785060419470755
-2.818093593227964
-11.487256008090412
-1.9708206034566096
-8.257662898829565
-2.1307378763152673
-9.183114215389741
-2.614273745724393
-11.597896549469597
-2.341751584102171
-10.702237580935945
-2.3859918655957677
-11.242592724766997
-1.838819002139943
-8.940896856190864
-2.1462296147515865
-10.778752540760406
-2.124834758455282
-11.033176162408632
-1.7282365970787832
-9.288048558695694
-1.4315355585417702
-7.971961816790814
-1.8451317950605253
-10.660186650426567
-1.6878424871596012
-10.130176143293598
-1.542029510467162
-9.628181320926984
-1.6958014566827684
-11.032220212543526
-1.5119630185832045
-10.265798689490088
-1.5003098470920966
-10.650954907431707
-1.3020282138197654
-9.683901435036088
-1.1780968223201576
-9.199927641374707
-1.050845433919345
-8.637029457136029
-1.2808645646642955
-11.109967365658171
-1.0592794569627635
-9.725196230389631
-0.9148825625310548
-8.920346932316125
-1.020799562930972
-10.610152069777888
-0.9787202478763571
-10.890913281333003
-0.9511248828316895
-11.386763178498502
-0.6725922555167185
-8.712461326590942
-0.7200837823154176
-10.159925304341696
-0.6094373192808258
-9.440360333790155
-0.5381313723689058
-9.239358844528283
-0.527114792625514
-10.149551889499568
-0.38196824857095174
-8.370930372395714
-0.3335279829217391
-8.480356430699489
-0.31468533110525043
-9.526753707802417
-0.2492192380650111
-9.321263841027074
-0.18777582623824138
-9.185048377900063
-0.15908144647274092
-11.240707346715242
-0.08981076944720316
-11.423391897632008
-0.01121614230956777
-7.1332716673561904
0.05202781563446581
-11.029522929588543
0.10511000505692901
-9.5493561323057
0.15238449354355696
-8.809482396838577
0.22600632093938047
-9.580637274280862
0.32222981589903377
-10.782724314241458
0.3381912701061009
-9.347398900491827
0.4018896677026725
-9.460795672412132
0.4834467744738329
-9.910337473361345
0.5435768992814454
-9.867333592812091
0.6620414071520367
-10.782545525823085
0.7451950027981741
-11.004862234971498
0.6870759005105586
-9.28027488550368
0.7953152932077783
-9.896518703164116
0.80992523680232
-9.342073657623299
1.0795607595204162
-11.60358806927302
1.0521226099745007
-10.58638332951997
0.9685143582384249
-9.159379379814533
1.1067997847885
-9.87294794664101
1.1335611093093971
-9.567742805611037
1.2732088382511926
-10.197093030523787
1.2671496153427984
-9.654281066769515
1.2332571160760397
-8.958990768989656
1.482056303496931
-10.287049792279758
1.50165574959087
-9.978042350901292
1.627993959428487
-10.373740416190943
1.6878677629487273
-10.330618984958939
1.5232846599722272
-8.968461085414027
1.852953325255767
-10.508620506123236
1.8437837238679744
-10.0852800578555
1.680006838025432
-8.873593764441315
1.7091245056205007
-8.726732110544814
2.32912710282227
-11.508217298276925
1.9566784167939428
-9.364620112725943
1.9228077685990068
-8.921859315923223
1.8972347593813255
-8.541981179986493
1.9785904879952305
-8.650855106680643
2.0228546423319784
-8.595299771445442
2.3792301811829097
-9.831853157603234
2.001042602027987
-8.047301955898828
2.1629679446249637
-8.470634900727992
2.597148558537024
-9.910533519766087
2.9077054258760278
-10.817678450080583
3.078015345638438
-11.170547860234226
2.9452815287274565
-10.43219185593731
2.7796629474922963
-9.613912602837773
2.804863218563952
-9.477267199918716
3.064457636245933
-10.120061363533726
3.2506110610676626
-10.496353458523783
3.423817731441691
-10.814476704511975
3.5384061274727516
-10.936886344480676
3.2616981978178394
-9.869230859576987
3.1057756788021447
-9.20277016408915
2.8747739057397044
-8.344687034209064
3.2211609620965627
-9.162614093518192
3.4738056709551874
-9.686123544023577
3.4962633302060806
-9.55911128396393
3.885956160724132
-10.420926276521254
3.3234037771284437
-8.743951867759524
3.502325172701327
-9.043026363669702
4.110286909083129
-10.417754642150019
4.228082372702035
-10.52198761167186
3.0183049340910184
-7.376892528463449
4.035149470459182
-9.68781250001062
3.069427355980347
-7.2406119316951
3.9131570782529543
-9.071717785374572
3.8565858209597725
-8.788175722006066
4.328471442954711
-9.697274332293421
3.873619031933479
-8.533638457190836
3.979019868446832
-8.621354374644312
4.521455253762744
-9.636885157689283
5.026789339946651
-10.541015656680814
4.212153712849041
-8.691624511036613
4.902986903540096
-9.957070252741662
4.645156043502949
-9.285641956826609
3.8876933600174843
-7.650833909371108
5.211219910116765
-10.097722282897134
3.8348418438805636
-7.317431465718368
4.942014499774915
-9.287530319418599
5.14723477672616
-9.52820398295773
4.392082118327871
-8.009441242405192
4.951319927123533
-8.896095326923945
4.705875580878893
-8.331355997918182
4.61532358875067
-8.05234901866453
5.569891363167833
-9.577650779638066
5.129676324624599
-8.694388949548708
5.46383495535354
-9.129077204414347
5.199716916431823
-8.565072086137159
5.339094739769519
-8.67124085934262
5.898788901096755
-9.44664472086136
5.071086824459545
-8.008556502874999
5.693992482326727
-8.868384588122893
5.48217116601769
-8.421496002608164
4.6791444904137975
-7.089986389070079
5.523073621334651
-8.25532223377503
6.984167755327018
-10.298472329744651
6.27971058112162
-9.135496877610226
5.399892241612778
-7.75068847673883
5.832336609245762
-8.260141166680645
5.514603088837574
-7.70681163566435
7.015083424482603
-9.67461474403025
6.480464528715303
-8.820048572144922
6.7719703241575955
-9.096334764549884
6.016041503849717
-7.975726239109001
5.754293489482678
-7.529738117266936
7.116673300182546
-9.192057349463422
5.54104961857749
-7.064703373594724
6.030459495629693
-7.589896499395138
6.911488695610359
-8.587306741450016
6.958288699254737
-8.534992355793223
7.477421091336292
-9.05487125384856
6.1287982363977305
-7.327384676851843
6.792389667725381
-8.017741035705459
5.325635918527244
-6.2068075258976885
5.911262129726055
-6.802289069481464
7.341230891901165
-8.341258598086542
5.650354935726076
-6.339210020322446
6.023546205633533
-6.672926497921173
6.411064246014799
-7.0130347944491085
6.982724374385886
-7.5425593217009705
7.149240789550502
-7.625653205170213
7.034819450021982
-7.409652129611395
8.011137852841447
-8.332405165511188
7.133825684690902
-7.3271095290054635
6.4090886350026866
-6.50043353782281
7.733389771201137
-7.745559081015535
6.805949279601178
-6.731448296895386
7.549793458400279
-7.373794925663583
7.003989949407507
-6.75516646136818
6.502390791633608
-6.192922951008616
7.371252890040861
-6.932543976249649
6.804830292236206
-6.319651150290391
7.704500979614346
-7.065448000027078
7.091725064434174
-6.421854809780621
7.921189444435522
-7.0828090093959855
7.866840461311173
-6.945671835214598
6.595479429607877
-5.7497693909522125
7.481793935059485
-6.4400670453636
7.899873249181423
-6.713900488464332
6.926523330500344
-5.812043171963668
8.635670548077377
-7.154117101517596
9.122617076995605
-7.4612678556742615
9.486119981121266
-7.659506951716594
8.51681082373105
-6.788800819342772
6.8413301742354635
-5.383247626176163
7.213705841791791
-5.603157959842573
6.11371687788649
-4.687402840395655
8.070828479689805
-6.1077107930730135
8.43349592817308
-6.2991393546480845
10.217932519875124
-7.532317633241793
6.650953380832837
-4.838594614274145
8.414225300606201
-6.0408192383344606
7.7637398158268685
-5.5001504337622125
7.920109244962302
-5.536445758692352
8.455237578918547
-5.831700479548108
7.948617533725817
-5.4088205075866105
7.426044748978464
-4.985181289246448
8.021409027712902
-5.31197595623139
9.212264996412976
-6.017585383326038
8.75589028239262
-5.641227518816047
8.578618442013806
-5.450970901989369
7.579942436717643
-4.7497418884492
8.033965458116205
-4.96414710196536
9.455867669437056
-5.760871749250176
9.503895432424184
-5.70848280705882
8.280748509238643
-4.903198168103003
8.339832518410429
-4.867601349229778
7.881714970795673
-4.534001284248917
10.121236974826262
-5.737880679729716
9.549356642753049
-5.334590679731587
8.967391825056819
-4.9357426819064685
8.391827987863802
-4.550412886228068
7.421546602746436
-3.9640866140943007
7.909353176714726
-4.160915046329029
8.995637269085746
-4.660383468278161
8.907845792733182
-4.544068217574919
8.860708081772197
-4.450014853593291
8.85482671635205
-4.377540687909779
10.410926424196589
-5.06559533253687
7.779612162331457
-3.7249594313870804
8.457140694270604
-3.9841771108713124
9.708016644331815
-4.499077446492727
9.41143782583094
-4.28993293385368
8.838468145589962
-3.961812971862586
9.599308786086409
-4.230554680588374
9.907711988488437
-4.292259609202948
9.171143025029782
-3.9048378941952335
8.945064246993235
-3.7422972209849714
9.902257970178391
-4.069763378915312
9.719591891625079
-3.923414980116249
8.837469022667387
-3.5028598603841923
10.012544916625384
-3.895931472495936
9.3960240481168
-3.5881619698627776
8.463988537134984
-3.171383455609403
9.10427398421935
-3.34614535989187
9.040538934494942
-3.2583273954696264
8.507679349912493
-3.0059543432763953
9.696121800065365
-3.3574124727324386
7.898899649785446
-2.679583851050527
10.225303108676552
-3.397220438733514
9.594516787519462
-3.1207835814274274
8.38157789195502
-2.668079351039881
9.70491193624567
-3.0222412683178987
7.303588146509677
-2.224143788833309
8.56502775467015
-2.549533430574933
10.856937633738678
-3.1575644004400223
9.002273053201577
-2.5568678780781453
9.61782020402491
-2.666443328970509
8.781874558903846
-2.3753098844944813
9.407863034653136
-2.481234073025245
9.678300432211804
-2.4875607333919714
8.61707094799961
-2.15711401917255
11.389301016278862
-2.7750842798411566
9.009023742051431
-2.1351778500969676
10.382780078685414
-2.39189550319162
8.8122866894208
-1.9718163366304704
11.150063605997627
-2.421375088146461
11.248321547219161
-2.368730711015737
9.65616321006545
-1.9701032603286026
10.219578917876044
-2.018187985496476
9.210852999052397
-1.75886543118102
8.957835666385515
-1.652225122367283
11.025540102920024
-1.961980386944625
8.59588446633236
-1.4739124145119797
11.108252736429558
-1.8328585693949442
10.534832212430546
-1.6702515636648083
9.161029401998281
-1.3934328085614782
9.417158618856108
-1.371849018840633
9.36433778943712
-1.3040619503692927
10.424335197435672
-1.384897955896643
11.009255681444827
-1.3921993994318547
9.099698491921968
-1.0926200821882044
10.715921688499042
-1.2183649087847757
10.847108695583431
-1.1642243829696834
9.299428550750637
-0.9389881062834738
10.226987724742372
-0.967708434822182
11.436748893044074
-1.0096467163100322
10.375581235026686
-0.850235950210846
10.457864129403147
-0.7907957742194048
9.47714738665556
-0.6567171917146274
9.669059477181241
-0.6089362022827395
9.350702707085723
-0.5298651244237694
10.67045265759415
-0.5373458822975774
10.769512473681862
-0.47444862340918936
11.555382412075831
-0.4362708306878865
10.923505809575836
-0.34362885486884515
9.915750956833273
-0.2495121049613624
8.512121613088212
-0.16062938541936242
10.365288660388858
-0.13039132061876946
10.003427087446772
-0.06291713201655237
11.520459415519504
-2.8216987495845897e-15
