0.3588281721565767
0.11266437738433734
0.875823172722939
-0.584378417502878
0.12079604965050228
-0.5860304127452339
0.03307011771553825
1.0069219805899592
0.8451328951542678
0.6360414858862967
0.7052462336286708
-0.8621698319118271
0.8825030975688414
-0.8483802257241998
0.03289648749789831
0.30990092064533353
0.9035418791650796
-1.0118417206667698
0.4731945310945137
-0.5662428994950474
0.7859559351324328
-0.8704538919497279
0.23104526106990408
-0.7701983079131293
0.16214999807521657
-0.3781036181964301
0.18319027144329714
1.4580371378976422
0.9657311685661212
-0.7494623867330383
0.3756015153068154
-0.027872062559379327
0.30447391882049957
-0.1837324167646783
0.9829651009388772
-1.366165895717855
0.5576476984290074
0.5250583213663729
0.6011650608465169
0.9099120063768573
0.3388301907766569
0.8281705912009593
0.9925054616952673
-0.6599695374340607
0.3025041984855008
-0.6953047747274421
0.9944685490236587
0.6103413814371373
0.8018248459210424
1.0612749414435254
0.5607791175025965
-0.5890101907311374
0.3146428985895404
0.7489650998576877
0.9859586238382126
-0.7171589608726247
0.9088825276612724
-0.0916899100876624
0.1670467891180868
-0.20093163585710994
0.2348227109757719
-0.7976356612215652
0.57201242580497
0.45975407608818997
0.700290133763301
-0.8016089930168836
0.9824321438369928
1.1820910792999864
0.9173661802579384
-0.5429604913562666
0.23074662681174363
-1.0386717869668987
0.634140839038651
0.9797344875075611
0.4738892824616069
-0.46068156048463355
0.061275202598810696
-0.05509804889782358
0.8029980299119951
-0.931235260680109
0.18975922011691804
-0.6281342400059511
0.13348296534800508
-1.12264902246823
0.5086587531138236
-0.3873627583716517
0.803208976427223
-0.06907655128230225
0.7734709666019254
-1.9756324973021537
0.26179829831539536
-0.7547300906267297
0.547734777906917
0.6266281082225007
0.9999567408972668
-0.05753465860999062
0.7025722102334905
-0.27672859549749124
0.11335070110108558
-0.5108705640815308
0.9555884625222411
0.6378344733781942
0.9386166324141011
-0.41353377620090076
0.4478367201207478
2.7366512931574656
0.41863195486816507
0.5109643478169251
0.6198123763663582
0.7124040306750723
0.6260552395597088
-1.2275087028989764
0.8119676021891401
1.2534680491605332
0.5053548922403625
0.013982792991628709
0.844319605223217
0.8649432811752324
0.4428456053626232
-0.27429444629628824
0.909019697136039
1.9597557245941069
0.13035453290439192
-0.8221741163777981
0.7068913943953966
0.667076877723038
0.26664089606652563
0.9683763569695151
0.3842654590681429
2.385962064451918
0.4065708689853412
-1.1465169351740443
0.7555107828327873
-0.16797406295652398
0.2281002048592634
-0.993207100142881
0.08009497772844587
0.30186082016645693
0.19487123066087497
-0.3127882549241079
0.8064317394589445
1.1964020422684833
0.05268739131272593
-1.0322155432252935
0.6496265309675355
-0.5349458073017779
0.5911855195511543
0.6806185486225897
0.6039098070928248
1.0092433711825417
0.17938169776652213
-0.568498380897049
0.06467475878822138
0.9977690213944209
0.663106368231435
1.3697224214006272
0.5670208090874754
-0.6608551287551885
0.04288449116916615
1.8377675290823905
0.005282293494801693
-2.078782872738538
0.7915305008996516
-0.6798977042899494
0.44335411416442405
0.07048483694645946
0.7542321550252024
-0.8214596689854305
0.034667952087353404
0.7207587029503677
0.9661659889414436
0.14770690522317423
0.9862561053705461
-0.2443631532750103
0.27124171308803
1.5323769520761295
0.42164184832246066
1.6992544792175814
0.27511843188161056
0.11468156794359219
0.4143094609251803
0.583396831686214
0.18397427015743495
0.9039764466745881
0.5265374973776134
0.2957891406095954
0.8499583178361974
0.1422932135395171
0.13467827015650358
-0.5231773880633186
0.7162375067182465
2.174020896908193
0.3509804354669742
0.5225438719029905
0.7800739444892226
0.6568281961393398
0.8720774733649059
0.6026157332886861
0.20232504799745932
-0.238979186088718
0.5011233195354546
-2.1524701665179897
0.2766993241689666
-0.11784047049146404
0.1230219965613959
0.15932036633112134
0.2624762344053284
0.982829462919506
0.5920562129836452
-1.3866754142638238
0.9265327684403091
-0.035820962572288624
0.9083833631768952
0.5462380316580758
0.8788698774284515
-0.010722671221623209
0.007956707440882504
-0.25585929499681326
0.21439744154650442
0.6644995623874148
0.9232761507136867
-0.5180186515491542
0.3606908468136004
-0.015450215721221062
0.7367405836458354
-0.36970963867061485
0.5247645266687229
2.062104568954645
0.14733541074494472
1.5832715150963035
0.2920650029239379
-0.45941288262981267
0.5608315728702867
-1.75068897423146
0.9395025580133589
-0.780412361747708
0.14780088303537053
-1.4843618711681525
0.6801667242813778
0.8011354325184318
0.6958424427735302
-0.6487207605231822
0.5935719462830498
0.9073057595702917
0.6822951697757234
0.8303032584073322
0.6956178441105931
2.0611824253332287
0.9087254930576747
0.5327641480884567
0.4156027066032477
-1.2567549019936337
0.8141003295178841
-0.2229733911259095
0.6911465061233759
-0.22711670850190255
0.7663637247321925
-2.03493824345456
0.8156891869260019
0.4414229351275677
0.0424488215831178
0.5388877053862308
0.9992284255516609
-0.3718540136065539
0.24296034823732282
-0.9250838149308409
0.11247153413682842
1.458373383113073
0.19298103034685843
-2.1406697285141822
0.9468175592409704
-0.5510877571517874
0.6631040815854723
0.3493849930588572
0.8178708759934165
0.9409283700072636
0.7935324470779019
0.5916567443531052
0.5498589705578717
-0.44418041243728273
0.5467792216284231
-0.055493467824998595
0.09448484923116518
-1.6479247781559103
0.8727274375954726
-1.0793569210988423
0.16655473371579022
-0.06445819186089936
0.8047864610322042
-1.2248458319570976
0.3977384105758547
-0.5129266902838092
0.2135596711994202
0.5917579655526362
0.208714869388394
0.857113031743409
0.32855514189507373
-0.6656333660591698
0.3635337727711565
0.35034008452322596
0.9520189566666297
-0.7145883119762295
0.9088222075494858
-1.2009162792440744
0.9186400497550705
0.6015129220730286
0.5969066491671987
-0.10180784285642175
0.6091498356863999
0.555635781878489
0.3892367268465404
-2.049982833295587
0.36892763397622175
0.29275181818944607
0.60563619864382
-0.9698593925254317
0.7051022561851885
-0.4228523009440793
0.9729240705709936
0.5435247700359268
0.34919250309771654
-0.8397882913427579
0.8149040437192304
-0.8386566111525737
0.8510039238546329
0.9136075055593453
0.10268304581521592
-0.5631055764976984
0.8641060097231029
-0.8552039899684161
0.4872429724875791
-1.0724388714577238
0.3341442388531346
1.401770936312022
0.3476100753708097
-0.02994762186777699
0.6187816923999053
0.5255956876470631
0.3621561951482686
0.48205090829239666
0.6128304767306533
-0.9681222873437454
0.22065820531152203
-0.1257469561436064
0.4882376613950219
1.0727355529174245
0.005961596232187616
-0.14844826747791887
0.8165461633701602
-0.4768670932867513
0.8142497099993682
1.782362572889606
0.9900715112263059
-0.975516734144903
0.8153855601403531
1.0603239205010029
0.2446129094195828
-1.7400004452736648
0.8834670524126518
0.29936593683724894
0.046394745917515134
-1.1560187857898498
0.45768453828355193
1.081015177245802
0.387274204084302
0.06770395002463356
0.2832864596050555
-1.1443241587006083
0.8661268675779694
1.179886309868699
0.5459093554826814
-1.1601319051977377
0.03447100843212536
0.09376081596757933
0.23014672761978838
-0.24645316847785712
0.8702915719126465
0.13118233228942133
0.7452300358733308
-0.7774539528458584
0.9122156956671467
0.12219712304351237
0.3147384928657678
0.8079228854470123
0.9365840305179682
0.23280184406361581
0.4717879476899094
1.2387594682963623
0.27550877892059067
0.4749305129594375
0.6360245546053153
1.4189523833912112
0.21621535497091837
-0.02776313592943402
0.7133846679657326
-0.5350313813799649
0.32005421613505125
-0.7673302114305758
0.24108912627109091
-0.8099954629303994
0.9700075636273354
0.5153909743135011
0.48326470590911375
0.07310741629287722
0.63071616359658
-1.125205720033332
0.9284011114872026
0.8195269393407737
0.13226675612110994
0.48089323987903576
0.7753404549900061
0.22515800755515702
0.19033484446712567
0.2727326761975615
0.6543984313561919
-0.5025937908150875
0.011067316924970427
-0.060977803392444456
0.06575540407099256
-0.08677837343625656
0.9102844882748856
0.8725946402165231
0.5457332776800321
1.3865337479525934
0.6463245412286233
0.11400236163041971
0.7978548959577121
-0.41873914064687223
0.6517071045861489
-0.4062824669753327
0.24055002579385765
0.23159647713493622
0.5740266070526963
-0.14035169035982023
0.7197878818270075
-0.12088079245423364
0.6498939471991414
1.0069226990178384
0.5157490873437329
0.7298500414303759
0.4078213582656627
-1.1841324421611614
0.032554445204047266
1.1384540602007063
0.6759424430405881
0.8353145751479756
0.9267423192242031
0.2171132741843811
0.2994151199998736
-0.9792723304653589
0.9194201932100741
2.0846577754140823
0.8389885298793481
-0.8731998564773117
0.7879717822704391
0.02912363424935836
0.8828181394357738
-0.5583770128332227
0.323516631994171
-1.061933532557517
0.09981463134055113
0.7331678053185323
0.6960663908922833
0.5856265671620041
0.7034445254676578
-0.563363233473263
0.972578177507125
0.36320060360339135
0.7778876058108117
-0.6120753148033029
0.6592471833415808
-0.3322744227696975
0.6394199642911733
0.2654590770940379
0.19290165141121907
-2.1851133101586697
0.5351002586997458
0.6302112588795703
0.368781892551053
0.09558731380407831
0.9173045800326638
1.890168645960899
0.41247946560717064
-0.6135809821176401
0.29246787613813585
-1.1835066194264647
0.5351030749038717
0.3027832392966381
0.25042898405421243
-0.563134995649971
0.38997904404073147
0.67258338083383
0.5349713257735301
-0.2737963651352884
0.7439392930759218
-1.105510833364811
0.004637229480939364
-1.047133050940362
0.1590041930541588
0.2217878545696449
0.8497699645665514
-0.17830542963902699
0.9417844141677966
-1.716507059363629
0.412222526054128
0.28708583020332523
0.3825802293483693
-1.7571849269647746
0.44107297045440585
0.4982026019199766
0.4423373429324341
-0.505794882437196
0.46295286959253323
-0.37682492499000175
0.40445901569637965
-1.7992879926168293
0.5190352517403125
-1.9416279640116507
0.9530064315962562
0.4429710487969746
0.8962600573564511
-1.7377646758410639
0.6049135746894037
-1.4382868125885095
0.47197289775507667
-1.1496304962983896
0.7984178809050979
-0.8979574880425755
0.5634509858982065
-0.22782729016487704
0.37389301872810543
1.8585143896230443
0.7672519056161567
1.5657524733757995
0.5994760467500704
-0.2974007465159044
0.21150531533553374
-1.3535200415748048
0.8039674818907099
0.1208452824300668
0.6113645475098914
-0.6449481073930259
0.3558607567014356
-1.1166691828068271
0.8909221325448459
-0.4149369256530967
0.5012606613710732
1.7838884156241932
0.7826751861673849
-1.5991051881132787
0.9345097109619898
1.5659616036258452
0.1451072184320581
1.281648563774118
0.27251767738440746
-1.5582742674495424
0.22595535033251335
0.7919988761410802
0.8183055662673395
-0.8987009574818566
0.5600079201053777
1.5325541991519271
0.6142195957836416
0.21722100081420376
0.9360136012849157
-0.3177958694732243
0.6639046889497556
-0.026122838336934635
0.45507244772393285
0.9992120532245677
0.6261959067366532
-1.6548897724435117
0.2884507767413039
-0.09491885666023656
0.6649372692593405
-1.0535462505543653
0.22079018678749274
0.8055851264765845
0.143520875166105
-0.3262612619200294
0.49551161676617606
1.5165396487401082
0.8855618273253125
0.6644604726053027
0.1416214113210621
0.8257726296159251
0.5520888566265949
-0.06704350521139835
0.40004103131900837
-1.9528322102461433
0.192506445801927
-1.5438159844868957
0.7636255325031684
-0.9188830100989148
0.5292784505045384
-0.4500126285052903
0.8884189201111189
1.1332788337884336
0.11893789618660677
-0.22941697056846144
0.5805840932565298
-0.9266064071970703
0.007292361291733163
0.46420166033139737
0.9972845355273198
0.0653428963172761
0.17020040841181439
1.5527589292799593
0.8470723575307806
0.68122393908774
0.4110228241759665
-1.277095156033502
0.6592116038868197
-1.4727241900693078
0.01736332154906961
0.15930014374908466
0.076695973603495
0.5225769231200583
0.91232691661557
-0.2662296854872048
0.7223267872428172
-1.5272161994875448
0.33133357949728526
-0.49966420138079004
0.45248809603506424
0.004114694884729446
0.8036661698522924
0.11900603169979082
0.6107343609311787
0.7437276045937125
0.3305211775338259
1.3560965418698456
0.584137494419394
0.15340563891701883
0.8784339545549492
-0.4631562800619327
0.6972490615054547
0.9545507759703575
0.9062983390561299
0.1461950121768525
0.0060566095554654975
-1.2992468455045856
0.2168087123575957
-0.018258028938484258
0.1529770099905824
1.5250490358778068
0.2550619005128726
-0.48373821667864864
0.14639793807732515
-0.15389525353233707
0.4884221429467781
-0.06134277261808677
0.7447525996729916
2.4527146711264414
0.28551470979735116
0.9747586375488151
0.047154142263933885
-0.5461482981827294
0.19572263124831346
1.3082451180027306
0.9355744852018967
1.4391773284072298
0.29034603827467753
0.21820442789119623
0.7324368525710273
-0.16312569818833497
0.29473999063042067
0.25683293536693097
0.25179021708084914
0.630244942920457
0.16989276407630094
-0.05395125400992105
0.47822574815663355
-0.2178463335529731
0.5750744974648969
1.1137854132397045
0.6918553292527688
-0.5244841853617076
0.05228230622393626
0.13100501670015843
0.0791249598873267
-0.015697858095825423
0.7299651291480087
-0.3401541891833612
0.03572307940617214
0.29822901560519366
0.3767683492598377
0.407379466257486
0.688966943976402
1.1165278716467066
0.5037975040634841
0.6948137547382817
0.4621215950371107
0.33339024242060716
0.13234360616758056
0.27793755613157717
0.8759427871235423
-1.0454545297299584
0.681229218853694
-0.70516777285591
0.7189398292527327
-0.5860429400466066
0.868209891208815
1.5527001635549194
0.3419207713036161
-1.0910179520101018
0.56582396900542
0.5054143952111146
0.2774203113369341
0.3240025694478247
0.5818998270696103
0.7236769176864608
0.8053894682944872
-0.9467320328950943
0.9829852120494269
1.134168325139702
0.5151135880836741
-0.8539480930371028
0.7812175382686728
-1.8701086611393645
0.3035706541999742
-0.8663725435298387
0.30792940441281025
-0.8198878539408024
0.7345038690586227
-0.24419361113151727
0.23027988155507595
0.22358981817436588
0.2684763831359209
-0.7576122204144422
0.9402089163774056
0.4028920291060188
0.47313395982109696
1.7733394443484554
0.742619732090283
0.8676804686068598
0.9023926667131635
-1.1584870884693925
0.9171260330199742
0.4817156180168167
0.8522822960072161
-2.149640833213466
0.12874461904208745
-0.0417786536176801
0.49545130021494366
-0.8039922510839713
0.38495133706917095
-1.6085177167938696
0.8029958926963592
0.5125566967844412
0.35799177126755044
0.3277089686019552
0.35659101280099803
0.42255189651142316
0.1284129794506279
0.9258964295935492
0.9904586365031685
0.23241097371050068
0.7321328538264775
-0.43891604896058883
0.8407411161949863
-0.2030033950525393
0.9485386813285891
0.09624346932623007
0.9288376930772687
-0.9548052570605918
0.01959898562372142
1.6899547144831344
0.4740377995447831
-0.35791147954664626
0.8708738072321962
-0.024819924604203274
0.2940393414560659
0.9286822598703611
0.7023393451369189
1.546312677277508
0.384130510301521
0.18925345517360703
0.8440205839439838
0.9736622474380723
0.6150326313739273
0.14128433972442261
0.9076408749812978
-1.4011286628393054
0.10987503178235258
0.3184379863012701
0.026186321466885154
0.22547421506900567
0.6155526873297353
0.07415807262937539
0.9430580741070658
0.8523022652767597
0.45131763566656846
-1.0983580190857978
0.9645014083128922
0.34052665092976797
0.35094304084064776
-1.070305319316747
0.23322548183846192
0.5193004088834318
0.6706435696218638
-2.070454470096561
0.9677044729083801
-1.4237112230416669
0.979751874321199
-0.12416577199685877
0.6232944675026288
-1.0597702644763294
0.5520479952495614
-0.5060361773611755
0.4177906425321374
0.8076625298310879
0.26817756553714744
0.6615022006049209
0.7217362733390215
-0.28064898611368516
0.29327998950878387
0.37171656925210855
0.2459450842917863
-0.6471023473984767
0.4881715509501846
-0.4246177509399039
0.43657805958757623
-0.8784604158369781
0.05508424907351217
0.1814805270085381
0.5694342520158272
0.19637151564089195
0.4060245679220079
0.7045790773016359
0.9833209178885727
0.44198436385528217
0.6041351248222059
-0.6075716967359015
0.2008089110895599
0.4275188483722921
0.3540417461063893
-0.7636478467707078
0.5704942993612582
-0.13360006567621033
0.4512477652483592
-0.46765030446181477
0.016853180749148433
-0.6038315321483153
0.07211437435526413
-0.652563230789809
0.3614164706621281
0.18827409050179686
0.5976769152293666
0.06027509610376365
0.2145343134226596
0.9680804691271371
0.4924530904229272
0.10576708494435123
0.2888799612571684
-1.0088384234029888
0.8129161467461262
0.7420159969905699
0.1788817679695185
-0.5267783873499745
0.918210448132093
-0.10661808142307326
0.32914590734439375
-0.8627043895126792
0.23074611508324383
1.1007969027182496
0.7731987993352366
0.5330243165675836
0.5195019780240846
-0.03521842601991777
0.18179325267865798
0.9653830006402804
0.8892337783221189
0.6570055483695082
0.1294845466152862
-0.5498808867899875
0.5915568258963486
0.9782579299442367
0.12752102595844106
-1.2999300386431865
0.22676020151386356
-2.0393677732650093
0.9230998461107448
0.6673164118923839
0.4219094936305148
-1.5856511224905592
0.11718538992260807
1.7181106610681522
0.6666158217270186
0.04724428957016814
0.20203866808793658
-0.6296337090976075
0.8478394176746219
-0.2754327329380698
0.3823266641794826
0.6205561256713307
0.0697968175348831
-0.00830035505587627
0.6912600116522984
-2.111394647342239
0.9926107115923899
0.40652530197456604
0.9147884333921378
0.6730071795812524
0.5133317476655391
-0.4070818644633125
0.6171872333110991
0.1602053733578898
0.016742704211133108
-0.3135864172994445
0.7134634573828157
-1.1302615350549097
0.6052756795634144
1.176700236794721
0.2868232678303817
0.2892821377839206
0.7845123933606641
0.16956335441004675
0.16269610533038537
-1.2539670097225302
0.339872701500638
-0.5766811845085311
0.17715843417312904
-8.187408395307e-05
0.27866895954541426
1.5569918111370356
0.6604908039846189
0.2101955815410195
0.9210523542488933
-0.08269751499717176
0.3367259568422333
-0.2308897324361888
0.5280134924931503
-0.07562017705353566
0.9007443795037089
-1.7929352558456233
0.2033344040966545
-2.2314763679599054
0.048689569446826786
-0.6282463178180901
0.8512695798208876
-0.6411940782203679
0.5524482393749122
-1.657854667878122
0.04441585960755501
0.08161719863584888
0.9896761419584333
-0.18729756073431542
0.3434597806162315
0.18525904735327142
0.11131603398229206
-1.6756118519223724
0.2113472135004919
-1.0419122074778555
0.25349116403839655
-1.7014614242789925
0.11089240934070033
1.097350585640038
0.18841343544360722
1.4160693817439847
0.2714543327511847
-1.137743403347796
0.6559205828012861
1.1303758533130481
0.6605946396282883
0.3219998023126574
0.8498617909491607
0.5313270491286899
0.33973500856450445
0.6080146166085765
0.19485424864999212
-0.6567643223762909
0.7592774291728356
-0.16310525268583753
0.5383577225679026
-0.5041423550451212
0.6756416350838513
0.5940082590053395
0.6014338350034906
0.9847738533632948
0.701273518677876
0.6047497591341804
0.7859399105664088
-1.2593655432294018
0.809849716470365
-1.3338317771754327
0.9284618980509511
-0.4362983579499564
0.17342333635350327
-0.4695481175393242
0.8699098170979577
1.3724433707816504
0.7310575780780092
1.6459702886690895
0.9131504772102969
-0.5113241654891211
0.009722682176905861
-0.08911756653148935
0.23558451503725364
0.7118302884672112
0.18372087140928484
1.6721380275059627
0.5036595105220248
0.09029152923685206
0.06560461933467265
-1.4318693372045912
0.37135027909190355
-0.7372900183322598
0.9838202170983196
-0.39253407329476503
0.9912612086837377
0.1517169506798994
0.010219053869962358
2.1705443364811674
0.6833663059456819
-0.08792150084813713
0.31944149247228315
-1.939679122032581
0.3017218832762836
0.26946181360708515
0.38955324356161614
0.4287026421332949
0.4002009773820815
-0.4380076753624691
0.6682337606632439
0.13451907555050954
0.2974081134854353
-0.27450076882278557
0.7768002829380563
1.5606813982957677
0.3585624360725206
0.9126659454820569
0.7315598143747869
1.5212360350097656
0.4333455924091745
0.13086195380061
0.41261735207262584
0.22209546320087784
0.3684696464582452
1.2996227190420988
0.3222370657996383
-0.7638076537615225
0.14959380182901905
1.2173338340831035
0.049939824140143974
-1.038059015265212
0.23889089310643186
0.5762507203024815
0.3461099362414921
-1.0632821486685728
0.15714730871414762
0.36387928731906405
0.8727191358348381
0.7070305346077349
0.095388922388288
-1.2698260717535743
0.3475822982792591
-0.8430355269107301
0.2063043127626415
-0.35731662830995475
0.7371941874158738
-0.12072575345832492
0.3540040442455107
0.6969612976658268
0.21746264380142677
-0.8047541222523312
0.886653812142884
-1.2495800528256298
0.8179052922127185
0.07214178761596385
0.8211235966499988
-1.0692068534476475
0.16066761470140056
0.690776768137283
0.44667999818270065
-1.3035430546898141
0.6872808390745885
0.1437933327030849
0.4109746883553389
0.2794031442010095
0.5769840315624855
-0.38903620759171764
0.5639297813872232
-0.3511173203680612
0.4168440478730868
-1.4472419360287212
0.8630683175151955
-0.458286627964956
0.5142006282775818
0.4800429079881442
0.20326981747397377
-1.0392407794694125
0.6421644270618094
-1.525925903577783
0.7230049085046002
-1.0037812249830755
0.6217342950497786
-1.3415697310763872
0.33215632827930697
0.6272739015923579
0.6726345482802506
1.0547270059828502
0.7094205511151647
0.976322471667999
0.023345474674525968
-0.08934943958097535
0.522843524759499
0.315577728156609
0.7473435175989633
-1.0953935025958919
0.00961318672099909
0.980209722522288
0.41340787514230903
-0.13809692303605806
0.1952795851598318
0.10584903583634557
0.5555550132855864
1.4582702235862748
0.1701033621440361
0.9875744826442174
0.9929549143355902
1.4757105727324515
0.8761749023682727
0.6004177756808703
0.22782230785867985
-0.7197599499326895
0.29610194762834763
0.09317039288708043
0.9671179655246507
0.10082029843028954
0.07682069630565724
0.41849739239718503
0.0275697600585596
1.228360765901564
0.5735296977422362
-0.316672854871504
0.5530052929737707
1.3162779767426365
0.4194960160657021
-1.5085432735814222
0.8666314361344001
0.09888744353196864
0.8307726342909344
1.247158761744901
0.036135139791662274
-0.8386803587469511
0.9436150537187709
1.183896735988063
0.6776608408805747
1.0557793829262043
0.676256744443986
-0.17815424933719343
0.36927766834852005
-1.510866171258918
0.6277977891874227
-0.44745092166736106
0.25266171623839906
-1.0133239362992
0.5594780040197492
-0.4607004011481153
0.9348270081928748
0.4812245152155654
0.32666941484259193
-0.5538660336575428
0.5470985354875372
1.481280832011862
0.8087222001040262
0.5919751407932807
0.17048175921464825
0.1292832012051581
0.5457954781549725
-1.2521813880814392
0.6025675640322012
0.8100856903339465
0.8833154309124707
0.5500040842500473
0.28803095003285195
-0.9549411493292062
0.5641199496198301
-0.6133678971336366
0.8805051241949647
0.1353138554672749
0.10445241028785435
-0.9257044445962233
0.7580914600996427
-1.6725158087168095
0.5601182304142461
-0.22486193464049675
0.13234574068798188
0.5698794030109806
0.2898050599584642
-0.6296569598253788
0.8141462764500483
0.07615883096506261
0.16168802479055844
0.6251858127134692
0.8357305774149534
-0.1277635150201707
0.10995139925831021
-0.21645102899943325
0.4934036600341485
0.5559921927985401
0.440170900557162
0.7221521177710738
0.3189804388170434
1.0647130332262058
0.5861266917749195
1.4101856095958412
0.32200509166452007
-0.21909031141644586
0.6082852558008273
-0.33246223431880667
0.057513041969329826
-0.21127057078241496
0.56098057688289
-0.9964648432660654
0.4986856061864914
-0.728881614405065
0.8168405604951482
-1.471148271523564
0.8612067668583491
-1.15536439049836
0.1884781531215185
-1.6348831341984094
0.2274337208650602
-1.986528810692388
0.11005450642027736
-0.6380674633874606
0.672606199827509
0.06565086395940593
0.8617117491196619
0.8846508121343004
0.4469518688590949
0.28442138423289776
0.6511029928437022
0.8829039514588073
0.7962286684065679
-0.30197634202484025
0.8092082262026704
-1.0381477852381373
0.1913826633925303
0.8887609025318322
0.8469088478551741
-1.30353875828547
0.2995669741245157
1.616424957264702
0.05599783967919225
-0.5785096556026406
0.0703087358059068
0.144377694734203
0.5816783687665287
0.3071524677765777
0.49303742768662284
0.0999094643897133
0.15986673324039558
0.34262196450085547
0.5224682275410306
-1.8187772451001891
0.7296398546453979
0.46418459149018354
0.18498575318540988
-0.7513883525377087
0.8590575055652027
0.5006420050646962
0.6556301655058436
0.47293748115475326
0.20716243822861735
0.19176647966990062
0.43500011585671783
-0.6966230065062688
0.13603975222362186
-0.9866860461970721
0.08918750171999068
0.6439492455386525
0.6089351092709413
-0.5887666957278975
0.5793018945207596
1.438145307374019
0.35299799991987557
0.7407582616934245
0.6479392790946467
-0.5227300704925542
0.5343502691731805
-1.5301019692076343
0.30803663166732587
-1.2512283219826454
0.6178197601744746
0.047468400482568514
0.3115549793340201
-0.12816924431194465
0.11534506117382615
0.12188809216730277
0.35601139779567625
-0.27276380672366224
0.43581987922078513
0.5450667909986141
0.9417044122461055
-0.10399182043697401
0.4307869848919147
-0.03920311726725513
0.7211661643182539
2.1469454976325695
0.740584384631563
-0.07863897278204311
0.5963014106743173
-0.8425214986896561
0.9648256754313965
-0.8908439385406349
0.3205267289506689
-0.9356110155697737
0.458166659067627
-0.296457177937295
0.3799595953118854
0.3429743887342135
0.3739140154994345
-0.3404569165554185
0.7868049929279263
0.5272723027143144
0.7024089328626341
-1.3190066918211953
0.551195476370084
-0.6030540765297758
0.9318157755267085
-0.5234970997237909
0.6802353434528439
0.821458298649637
0.17485403405266753
0.2306108497096897
0.0967114219528824
0.22364555468956102
0.25571283274914725
1.4369592180243476
0.039400120816523776
1.0916576051365845
0.36542471102862295
0.07686945142671317
0.15432652714492112
-1.9273853022324223
0.9602147902675467
0.5306049629538971
0.5022544671846583
1.6659536678756468
0.36126777617857253
-1.3975034282567507
0.7685290105733411
-0.7257454634246794
0.7479723214193089
-0.09014077623040903
0.7873362737206274
0.9953795040727165
0.25054540772198564
-0.41318490848962464
0.8104546983811892
0.2937792622676557
0.43016477474672743
1.5868652696481391
0.1634053332654387
-0.962258986982949
0.694484515816954
0.000923962284060546
0.6120658893057425
-0.762433547624682
0.9484139752517511
-0.6779833670893655
0.7277578858879389
-1.138021704034432
0.10744982614829857
0.9587270534457139
0.6018433790636832
-0.8558476444841427
0.655608290418141
0.8341399862026343
0.8217030428105742
0.03657030553047041
0.6301770729871855
1.4977855251329986
0.6036565652394486
0.6189190106883254
0.7247499397405881
-1.2479603906665695
0.04696851308808214
-1.7137308191326734
0.8629117133382426
-0.35763733422492167
0.3302596944398052
-0.9093650878229973
0.5910209256425599
0.5781978779970208
0.5499855180523596
1.031004748206722
0.9589443671642292
0.8842654505416083
0.7535537093289681
-1.469313444770821
0.22660636349008567
1.2063080122184704
0.3286535121728693
0.7827882327325411
0.6896452075362715
1.1330249748260532
0.11205312990815774
0.06689062205586474
0.72944040180787
-1.0430691668098628
0.7172860081701417
0.36126536312889346
0.8463507422721609
-0.3834754281615434
0.6275407311674721
0.5779122104404143
0.47353840964791216
0.07816612189484363
0.26789233950800717
1.1360762583745587
0.08131693733357936
-0.16225116533632128
0.7123416786127882
-1.3245709897050586
0.08151359966073934
-0.00514411117534207
0.8568546171226253
-1.1534102848874157
0.9586000647565096
0.2395084178812888
0.7492688218670683
-0.7850823882257021
0.6488010970259465
1.6672676641962316
0.6743427216551952
-0.2517530367243035
0.5137422636791227
-0.8627129345978806
0.19592756375446052
-3.0153333834135263
0.7596421960731721
1.8604700978084638
0.6369913032753196
0.027482657502110985
0.35775904256826074
0.26111089561100076
0.4102009266716322
0.40991030093787656
0.6812983334624991
-0.7349328693843107
0.7208559476556381
0.41729724779860694
0.76460263429504
1.2339738081028488
0.33472394301971264
-1.199686815474542
0.1287421522822978
2.5510678450140034
0.29885440524011453
0.7271194012080234
0.9003389230023464
-0.07469663501296293
0.5715866482645496
-0.9728192198825566
0.16277048209911527
-0.2931466239356692
0.41607888284302474
-1.4498781592659171
0.1529706946169772
-1.3252730580291494
0.7332672621289039
1.271435767303693
0.7265429399695196
-0.15736168176031176
0.9847727549097883
-0.3735309688126417
0.3552159982388071
0.7326698149332155
0.5928991981808804
-1.029237558654312
0.7253587396756686
-0.5487916347927894
0.5363697287814063
0.40950569981860135
0.3045164883814433
-0.2859269311862724
0.5589002962233298
1.3992988034549285
0.18945455434060365
-0.5547935669155442
0.5798236019598062
-0.5817325126454522
0.972583528170677
0.8767945861684201
0.10602437486671501
1.8648761875455573
0.08274707197766795
1.0389165546893657
0.9563660490995338
3.006277637382959
0.5187844001346652
0.2606754032072841
0.9062547430782595
-1.8199824950620975
0.5642972216495844
0.7872437333885556
0.5245815066381075
-0.4092022869085278
0.7809906613233263
-0.6729668897466318
0.5206412167478006
1.3875420179998896
0.9156785721929609
-0.05757441516226867
0.8242696914433844
0.0010697116568657745
0.1371807781253369
0.7951962151109561
0.023406864999271026
1.3091136912740136
0.4718168396513377
-0.2871550590454311
0.12905435007735122
1.6767545020877401
0.6439643021177023
-0.2940758142225493
0.6582278057905042
-0.23814166422223507
0.16744529988068924
1.1268356345723372
0.4923850253550982
-0.8826848754219087
0.9022537414380014
-0.052204430923601434
0.9820049335900017
-0.005536478132217597
0.379020844584001
-0.699414408476669
0.28572332503339615
0.34558722513002843
0.984515291483788
0.35494466498834365
0.2841548360833812
0.5502984003320548
0.9073835048030389
-0.24352575805260177
0.6578919118853295
0.6504915427596435
0.574831301079578
-0.03413377878567756
0.5471600622311156
-1.4945022843034559
0.2896718942107228
0.9963486744893288
0.38753921540994196
0.8821919149918388
0.6682255150497234
1.5755185490717283
0.7381473036819527
-1.5792556932648405
0.9875610452219789
1.3636370507342916
0.9851128672625229
-0.2512875374344112
0.9686134669887858
0.6392594574250714
0.31111280689993004
-0.9139543724157657
0.3091197011932404
1.8353775994694606
0.006560918748140465
1.3120969994026124
0.38545883759686794
-1.9162219604789736
0.30197834036857985
0.9609216886657654
0.8336228354224449
-0.6813138505338987
0.581380030704085
-0.05662723178750848
0.5590629655111546
1.239773372473444
0.12922936046820332
-0.07038757980399546
0.5830948644841721
0.42885395208883004
0.737392785175109
0.39393974694972705
0.015937410610576297
1.9283767588083964
0.08215514543879254
-1.0702068228368486
0.7628577920178129
1.641255920959697
0.4467877449157016
0.09889472217210334
0.580468205110241
0.08540678108315905
0.6516234651405255
-0.29157030591172983
0.1140729050554028
-1.2917958075494105
0.4369550338852457
3.155755299239351
0.5645906170804528
0.4944667544102363
0.8115594504439456
-1.4111517564790803
0.10811158052947978
1.2569342482279622
0.055353257593970695
-0.3852260312517549
0.07891897790855373
1.149644008553761
0.638889129993133
-1.6327997013256
0.35024898153220785
-0.05981798007121347
0.07618724937759602
0.1942201267068828
0.5969630155059735
0.1576844857823743
0.5211570019711963
0.38646603983308786
0.5366268420874376
-0.7208346886762429
0.43449338371273016
-0.5231216676232695
0.4953421371079606
-2.0292238587515596
0.9331072676307515
0.16950305543005859
0.26087273294639823
-0.30663349842396576
0.03444662143225796
0.12302552879061734
0.039287891669545605
-1.5695175570135813
0.3279166507505934
-1.1179063261404611
0.7982736236555384
0.518802296908779
0.7282134612746826
-0.2621386790295248
0.18298000680559245
1.1310641637829872
0.38928239651899976
0.9188326931694849
0.021705177966989786
0.3334416924162033
0.47526462938238456
0.23582796607999248
0.6268259766845502
1.0255354878155563
0.786598845072611
-0.011640923437986502
0.9084742118310886
1.3233775323018986
0.1882129747230219
1.2511136779087615
0.5590527759421755
-1.0659887871416294
0.36699178478035577
1.3684664565459725
0.8221913159993643
0.1747642571400032
0.6055888061690072
2.0406507433346768
0.8016221364300603
1.60656720592889
0.700432094229766
0.14527353977595675
0.994633332530886
-2.0145373898662133
0.009976757598443076
0.8977712401857685
0.612725673417097
-0.896845404561609
0.09676078298324797
-1.014302223074809
0.9927041359729
0.8964703490496632
0.8071419221300563
-0.9855261356906978
0.5515616764434172
-1.803883404737249
0.15959948586158212
1.8604780304146995
0.6140478351048118
-0.8445554339731175
0.9212835811739848
1.197810655534464
0.5198511914178542
1.1257004201459575
0.030822964528156027
0.7353639525398261
0.10361024018982112
-0.05749180234389784
0.9513659959753041
-0.24954234077343074
0.014566569063472645
-0.29522328613967974
0.063085928464229
-1.5847622655362512
0.8298033695811043
1.3744716020208245
0.3031337385211491
-1.9119676904391127
0.8031953940971313
0.5729995496941045
0.030439122151693532
-0.8034612978250307
0.8335055815571208
0.8153978882852407
0.08567562453672939
-0.4102977831263803
0.2620834285613163
2.4430337318114974
0.5413865880765864
-0.745432886173242
0.09039738228375938
-0.5909935925105009
0.17553752038631965
-1.75424915979303
0.9764692821826066
0.7805871726150331
0.40607094015294065
0.21307288958002096
0.8970375497284969
-0.6130374923372045
0.8058810040859554
0.9686492871587861
0.9552689090272318
-0.0752394669771308
0.47204652325866814
-0.35314051768077814
0.3465845878037761
-1.1855862683737186
0.31232287747173204
-0.986356466607171
0.3652521252864157
-1.1897257498255083
0.7464913562862261
-0.08331332498089496
0.7109782167153499
0.6139301485258896
0.28208428106527816
0.858401594230982
0.366930122164555
1.1105943928769073
0.7230446569808485
0.1979024176412967
0.9671136387223778
-1.0919822374202635
0.7152553901134804
1.5310418865588802
0.23234540834338824
0.044754264894998924
0.9265290861852775
1.090140487975964
0.7207992324778381
-0.4718241058592809
0.8039320762415324
-0.6443587078455817
0.1761056975116152
0.9348800467491561
0.16391922399902037
1.3110622713085036
0.18645618893252247
-0.19231625657790324
0.6719293850353923
0.2365796887774207
0.16465939859605827
-1.079519379639883
0.02846412707378021
-1.638669333954775
0.011797062419113824
-0.33096618452272697
0.03713492588253908
0.08251565803394116
0.4749117157181667
0.548730913022912
0.6892545018083601
0.9451523962711276
0.12216382470659404
-1.4498372004556503
0.44222159122956306
1.3892775743081793
0.2841732693306782
0.7324090502254995
0.6788289802348142
-0.6611603574454314
0.46970271046339396
-0.6172928829675289
0.3629352778527155
-0.1990612499985518
0.5110400697424484
1.0294847730320829
0.5582852608911466
-1.476940647376884
0.059654709866744704
0.4891541813612827
0.5717388175275362
-0.8271342922493046
0.48530247035759755
1.336056215067431
0.06694849452217633
-0.6648609954738567
0.870053898590897
1.147988350603264
0.8165835848928729
1.2849516989238525
0.29915210095804334
-2.0232129301311637
0.40813631686885155
-1.2488918068540877
0.7172463621824213
1.7893342412906685
0.8344500715986416
-0.9795282753995063
0.22035650087719882
-0.2669993733350193
0.06832410480507689
3.094706577237295
0.08086481829885561
-0.4049376062185623
0.6215011912161784
0.5850492771905978
0.2801207918697062
-0.09367507005039648
0.33078750487371966
1.9539178919313127
0.20755610174416284
0.21534925581506578
0.8607728795489432
0.571078487415113
0.8765318569535485
1.3252783637667462
0.46282889569224117
-0.044502673434414754
0.34288225283059826
1.084268998475842
0.09700234782310402
1.7551894279031235
0.10346781816069461
0.4915693771643995
0.9867150968677393
0.8807996477101818
0.9330077699258197
-0.2612835011032186
0.3869971321029574
0.2508133238859994
0.715006742173323
-0.4466468086116017
0.5484395132345292
0.5907784065893388
0.24471180972036166
0.34672435067690693
0.43797995175695337
-0.27563896201559634
0.976230756142882
1.183611350090966
0.003357657223723054
-0.5532547014750347
0.8324280625900299
0.19577841101242446
0.5504918792994824
-0.5658113463313486
0.03948853247172912
-1.275115132822377
0.5823931876156632
-0.2633924364102798
0.9934873862024665
-0.6741005621223805
0.3560319863207244
1.200969463078406
0.08549471290050814
-0.7134665282785405
0.2862026798644478
2.037509399196063
0.3984748020976121
-0.2371551069938073
0.6605653725497865
0.5004512437416155
0.42322528612120947
0.9238398832534142
0.975900271708558
0.5027787811901976
0.2992131871360989
-0.8669427967001792
0.43932193813726317
0.41853974837575625
0.7400590157906437
0.29339575128436524
0.7458843544299288
-1.0478167065502964
0.3651590198413912
-0.952108066718788
0.14081399222827184
2.2952739941253792
0.4872581626875213
-0.2628522497967706
0.8868579483425124
0.6306713216771378
0.9410865122917831
-0.20118759307568326
0.9200167478435725
-0.5722580704768467
0.8328251177742457
0.4144891007216522
0.12350182721240444
1.1645573089697028
0.02107775837839798
-0.36305151602528407
0.28188522718520137
-0.5031672880835589
0.9827190542431375
1.9885482551248914
0.40415703266054526
-0.7374995169028518
0.8855554873656536
-0.619763403068838
0.17353614618476731
0.17425023666453826
0.7985824701292379
0.7368886515564259
0.8451341177397058
-1.3600076765835427
0.053843693882442256
-1.2677651023081726
0.7197815754708462
-1.4075748774999377
0.468372190681987
0.9864206026590693
0.9714223700532048
0.4320400930566605
0.9520841518096659
-2.862666152750413
0.5712624048626744
-2.685012067675959
0.7456146628199547
-0.13497575880741167
0.2790059519571799
-0.10635905198266751
0.8294546579095284
1.1655446689479372
0.23645554298671945
0.7454015129762169
0.8957168922017429
-0.3231105154555994
0.4137526379467743
0.7400445021584339
0.7120534105096905
0.7265528392252042
0.20415845372850672
-1.383993230688351
0.13413862622756845
-0.31688483855408195
0.5508077200415492
2.0336716734514297
0.31701691024489265
-1.6149779631509196
0.7229589117263363
-0.14865872342710246
0.2671822564149412
0.3500073121159664
0.1775082778225403
0.6211919036424277
0.7589504380610379
-0.7367034026104288
0.20884915170078489
1.0176055898845857
0.1178032666343033
-0.15324201936662735
0.7131462470541209
0.05558010210605823
0.505746698823735
0.10060230922431627
0.4715429743502917
-0.8727776916171177
0.08142976381359257
0.36007581760521973
0.18224432513244104
1.3538544113951736
0.4193989863362648
-0.50368418760892
0.9440168360082033
-0.2871110767922545
0.07568875559643329
1.7510607931452407
0.8900164362289857
1.2809512288654825
0.32744848208403243
0.2451807768099991
0.19456945026577743
2.605791457412483
0.8058481054439911
2.3602580813281
0.5593616125248921
-0.3225590175665234
0.10603560139369916
-1.244404199902639
0.03558066817769756
-2.315347227297721
0.08401310429664732
-0.4457686145050022
